xof 0303txt 0032
template XSkinMeshHeader {
 <3cf169ce-ff7c-44ab-93c0-f78f62d172e2>
 WORD nMaxSkinWeightsPerVertex;
 WORD nMaxSkinWeightsPerFace;
 WORD nBones;
}

template VertexDuplicationIndices {
 <b8d65549-d7c9-4995-89cf-53a9a8b031e3>
 DWORD nIndices;
 DWORD nOriginalVertices;
 array DWORD indices[nIndices];
}

template SkinWeights {
 <6f0d123b-bad2-4167-a0d0-80224f25fabb>
 STRING transformNodeName;
 DWORD nWeights;
 array DWORD vertexIndices[nWeights];
 array FLOAT weights[nWeights];
 Matrix4x4 matrixOffset;
}

template AnimTicksPerSecond {
 <9e415a43-7ba6-4a73-8743-b73d47e88476>
 DWORD AnimTicksPerSecond;
}

template VertexElement {
 <f752461c-1e23-48f6-b9f8-8350850f336f>
 DWORD Type;
 DWORD Method;
 DWORD Usage;
 DWORD UsageIndex;
}

template DeclData {
 <bf22e553-292c-4781-9fea-62bd554bdd93>
 DWORD nElements;
 array VertexElement Elements[nElements];
 DWORD nDWords;
 array DWORD data[nDWords];
}


AnimTicksPerSecond {
 24;
}

Frame Dummy01 {
 

 FrameTransformMatrix {
  1.000000,0.000000,0.000000,0.000000,0.000000,-0.000000,-1.000000,0.000000,0.000000,1.000000,-0.000000,0.000000,0.000000,0.000000,0.000000,1.000000;;
 }

 Frame Bip01 {
  

  FrameTransformMatrix {
   0.496898,0.851360,-0.168164,0.000000,0.052695,0.163822,0.985081,0.000000,0.866208,-0.498347,0.036540,0.000000,0.000000,-0.034827,0.492784,1.000000;;
  }

  Frame Bip01_Pelvis {
   

   FrameTransformMatrix {
    -0.000000,1.000000,-0.000001,0.000000,0.087154,0.000001,0.996195,0.000000,0.996195,0.000000,-0.087154,0.000000,0.000000,0.000000,0.000000,1.000000;;
   }

   Frame Bip01_Spine {
    

    FrameTransformMatrix {
     0.998192,-0.005238,-0.059886,0.000000,-0.000001,0.996195,-0.087152,0.000000,0.060114,0.086994,0.994393,0.000000,0.051628,-0.000007,-0.000084,1.000000;;
    }

    Frame Bip01_Spine1 {
     

     FrameTransformMatrix {
      0.944325,-0.155507,0.289944,0.000000,0.115540,0.981865,0.150304,0.000000,-0.308059,-0.108436,0.945167,0.000000,0.106506,0.000009,-0.000080,1.000000;;
     }

     Frame Bip01_Neck {
      

      FrameTransformMatrix {
       0.908361,-0.320879,0.268173,0.000000,0.293146,0.945926,0.138885,0.000000,-0.298238,-0.047544,0.953307,0.000000,0.130513,0.000001,0.004626,1.000000;;
      }

      Frame Bip01_Head {
       

       FrameTransformMatrix {
        0.972192,-0.206593,0.110284,0.000000,0.161283,0.932097,0.324319,0.000000,-0.169797,-0.297514,0.939497,0.000000,0.033674,0.000000,0.000000,1.000000;;
       }

       Frame Bip01_HeadNub {
        

        FrameTransformMatrix {
         1.000000,0.000000,-0.000000,0.000000,-0.000000,1.000000,0.000000,0.000000,-0.000000,-0.000000,1.000000,0.000000,0.169824,0.000000,0.000000,1.000000;;
        }
       }
      }

      Frame Bip01_L_Clavicle {
       

       FrameTransformMatrix {
        0.022032,0.966648,0.255160,0.000000,0.927351,0.075600,-0.366478,0.000000,-0.373545,0.244697,-0.894756,0.000000,-0.028113,0.007176,0.002010,1.000000;;
       }

       Frame Bip01_L_UpperArm {
        

        FrameTransformMatrix {
         0.330277,-0.906120,-0.264317,0.000000,0.859409,0.404481,-0.312750,0.000000,0.390300,-0.123862,0.912318,0.000000,0.087086,-0.000000,-0.000000,1.000000;;
        }

        Frame Bip01_L_Forearm {
         

         FrameTransformMatrix {
          0.823668,0.000000,-0.567072,0.000000,-0.000000,1.000000,-0.000000,0.000000,0.567072,-0.000000,0.823668,0.000000,0.137062,0.000000,-0.000000,1.000000;;
         }

         Frame Bip01_L_Hand {
          

          FrameTransformMatrix {
           0.971486,-0.212704,0.104747,0.000000,-0.102153,0.023181,0.994499,0.000000,-0.213962,-0.976842,0.000792,0.000000,0.137062,-0.000000,0.000000,1.000000;;
          }

          Frame Bip01_L_Finger0 {
           

           FrameTransformMatrix {
            0.556874,-0.020367,0.830347,0.000000,0.558537,0.749101,-0.356210,0.000000,-0.614759,0.662144,0.428531,0.000000,0.057681,-0.023605,-0.000272,1.000000;;
           }

           Frame Bip01_L_Finger0Nub {
            

            FrameTransformMatrix {
             1.000000,0.000000,-0.000000,0.000000,-0.000000,1.000000,0.000000,0.000000,0.000000,0.000000,1.000000,0.000000,0.029435,0.000000,0.000000,1.000000;;
            }
           }
          }

          Frame Bip01_L_Finger1 {
           

           FrameTransformMatrix {
            -0.342274,-0.000748,0.939600,0.000000,-0.000000,1.000000,0.000796,0.000000,-0.939600,0.000273,-0.342274,0.000000,0.084102,0.000000,0.000000,1.000000;;
           }

           Frame Bip01_L_Finger1Nub {
            

            FrameTransformMatrix {
             1.000000,-0.000000,-0.000000,0.000000,0.000000,1.000000,0.000000,0.000000,0.000000,0.000000,1.000000,0.000000,0.047988,0.000000,0.000000,1.000000;;
            }
           }
          }
         }
        }
       }
      }

      Frame Bip01_R_Clavicle {
       

       FrameTransformMatrix {
        0.320880,-0.945926,0.047546,0.000000,-0.908147,-0.293035,0.298996,0.000000,-0.268896,-0.139121,-0.953069,0.000000,-0.018028,-0.022554,0.003504,1.000000;;
       }

       Frame Bip01_R_UpperArm {
        

        FrameTransformMatrix {
         0.396046,0.903727,-0.162560,0.000000,-0.841108,0.428071,0.330593,0.000000,0.368353,0.005801,0.929668,0.000000,0.087086,0.000000,0.000000,1.000000;;
        }

        Frame Bip01_R_Forearm {
         

         FrameTransformMatrix {
          0.811989,0.000000,-0.583672,0.000000,0.000000,1.000000,0.000000,0.000000,0.583672,0.000000,0.811989,0.000000,0.137062,0.000000,-0.000000,1.000000;;
         }

         Frame Bip01_R_Hand {
          

          FrameTransformMatrix {
           0.979682,0.150865,0.132145,0.000000,0.032696,0.529933,-0.847409,0.000000,-0.197873,0.834512,0.514233,0.000000,0.137062,0.000000,0.000000,1.000000;;
          }

          Frame Bip01_R_Finger0 {
           

           FrameTransformMatrix {
            0.556874,0.020367,0.830347,0.000000,-0.558537,0.749101,0.356210,0.000000,-0.614759,-0.662144,0.428531,0.000000,0.057681,0.023605,-0.000272,1.000000;;
           }

           Frame Bip01_R_Finger0Nub {
            

            FrameTransformMatrix {
             -1.000000,-0.000000,0.000000,0.000000,0.000000,1.000000,-0.000000,0.000000,-0.000000,0.000000,-1.000000,0.000000,0.029435,0.000000,0.000000,1.000000;;
            }
           }
          }

          Frame Bip01_R_Finger1 {
           

           FrameTransformMatrix {
            -0.342274,0.000748,0.939600,0.000000,0.000000,1.000000,-0.000796,0.000000,-0.939600,-0.000273,-0.342274,0.000000,0.084102,0.000000,-0.000000,1.000000;;
           }

           Frame Bip01_R_Finger1Nub {
            

            FrameTransformMatrix {
             -1.000000,-0.000000,0.000000,0.000000,-0.000000,1.000000,-0.000000,0.000000,-0.000000,-0.000000,-1.000000,0.000000,0.047988,-0.000000,0.000000,1.000000;;
            }
           }
          }
         }
        }
       }
      }
     }

     Frame Bip01_BackPack {
      

      FrameTransformMatrix {
       0.180560,0.080500,-0.980264,0.000000,0.047560,0.994765,0.090451,0.000000,0.982413,-0.062954,0.175786,0.000000,0.063697,0.000003,-0.088856,1.000000;;
      }

      Frame Bip01_BackPackNub {
       

       FrameTransformMatrix {
        0.000796,0.000003,1.000000,0.000000,0.000000,-1.000000,0.000003,0.000000,1.000000,0.000000,-0.000796,0.000000,0.053240,-0.000000,0.000000,1.000000;;
       }
      }
     }
    }

    Frame Bip01_L_Thigh {
     

     FrameTransformMatrix {
      -0.917042,0.082924,0.390074,0.000000,-0.139810,-0.982913,-0.119732,0.000000,0.373480,-0.164336,0.912966,0.000000,-0.051829,0.055015,0.001785,1.000000;;
     }

     Frame Bip01_L_Calf {
      

      FrameTransformMatrix {
       0.846865,-0.000000,-0.531807,0.000000,-0.000000,1.000000,0.000000,0.000000,0.531807,0.000000,0.846865,0.000000,0.237500,-0.000000,0.000000,1.000000;;
      }

      Frame Bip01_L_Foot {
       

       FrameTransformMatrix {
        0.945681,0.164091,0.280645,0.000000,-0.203087,0.972283,0.115849,0.000000,-0.253857,-0.166551,0.952795,0.000000,0.206841,0.000000,0.000000,1.000000;;
       }

       Frame Bip01_L_Toe0 {
        

        FrameTransformMatrix {
         0.014153,-0.002415,0.999897,0.000000,0.002376,0.999994,0.002382,0.000000,-0.999897,0.002342,0.014158,0.000000,0.065373,0.000000,0.066450,1.000000;;
        }

        Frame Bip01_L_Toe0Nub {
         

         FrameTransformMatrix {
          -1.000000,-0.000000,-0.000000,0.000000,-0.000000,1.000000,-0.000000,0.000000,0.000000,0.000000,-1.000000,0.000000,0.006735,0.000000,0.000000,1.000000;;
         }
        }
       }
      }
     }
    }

    Frame Bip01_R_Thigh {
     

     FrameTransformMatrix {
      -0.869733,-0.163171,0.465768,0.000000,0.130427,-0.986203,-0.101945,0.000000,0.475976,-0.027916,0.879015,0.000000,-0.051251,-0.055015,-0.007823,1.000000;;
     }

     Frame Bip01_R_Calf {
      

      FrameTransformMatrix {
       0.814272,-0.000000,-0.580484,0.000000,0.000000,1.000000,0.000000,0.000000,0.580484,-0.000000,0.814272,0.000000,0.237500,0.000000,-0.000000,1.000000;;
      }

      Frame Bip01_R_Foot {
       

       FrameTransformMatrix {
        0.971350,-0.143656,0.189320,0.000000,0.136709,0.989382,0.049326,0.000000,-0.194396,-0.022031,0.980676,0.000000,0.206841,0.000000,0.000000,1.000000;;
       }

       Frame Bip01_R_Toe0 {
        

        FrameTransformMatrix {
         -0.042855,-0.651407,0.757517,0.000000,-0.005087,0.758346,0.651832,0.000000,-0.999068,0.024080,-0.035813,0.000000,0.065373,0.000000,0.066450,1.000000;;
        }

        Frame Bip01_R_Toe0Nub {
         

         FrameTransformMatrix {
          1.000000,-0.000000,0.000000,0.000000,-0.000000,1.000000,0.000000,0.000000,0.000000,-0.000000,1.000000,0.000000,0.006735,0.000000,0.000000,1.000000;;
         }
        }
       }
      }
     }
    }
   }

   Frame Bip01_DressFront {
    

    FrameTransformMatrix {
     -0.830864,-0.008445,0.556411,0.000000,-0.032673,0.998900,-0.033628,0.000000,-0.555515,-0.046119,-0.830227,0.000000,-0.043921,0.001406,0.061063,1.000000;;
    }

    Frame Bip01_DressFront02 {
     

     FrameTransformMatrix {
      0.946511,0.081243,0.312276,0.000000,-0.077173,0.996694,-0.025393,0.000000,-0.313307,-0.000065,0.949652,0.000000,0.183366,0.000000,-0.000125,1.000000;;
     }

     Frame Bip01_DressFrontNub {
      

      FrameTransformMatrix {
       0.000796,0.000003,1.000000,0.000000,0.000000,-1.000000,0.000003,0.000000,1.000000,0.000000,-0.000796,0.000000,0.165302,0.000000,0.000000,1.000000;;
      }
     }
    }
   }

   Frame Bip01_DressBack {
    

    FrameTransformMatrix {
     -0.830380,0.045218,0.555361,0.000000,-0.011734,0.995062,-0.098565,0.000000,-0.557075,-0.088363,-0.825748,0.000000,-0.047654,0.000012,-0.078304,1.000000;;
    }

    Frame Bip01_DressBack02 {
     

     FrameTransformMatrix {
      0.961427,0.000001,0.275061,0.000000,-0.000001,1.000000,-0.000000,0.000000,-0.275061,-0.000000,0.961427,0.000000,0.176189,0.000000,-0.000105,1.000000;;
     }

     Frame Bip01_DressBackNub {
      

      FrameTransformMatrix {
       0.000796,0.000003,1.000000,0.000000,-0.000000,-1.000000,0.000003,0.000000,1.000000,-0.000000,-0.000796,0.000000,0.136508,0.000000,0.000000,1.000000;;
      }
     }
    }
   }
  }

  Frame Bip01_Prop1 {
   

   FrameTransformMatrix {
    0.422404,-0.045727,-0.905254,0.000000,0.725946,-0.580963,0.368083,0.000000,-0.542750,-0.812645,-0.212206,0.000000,0.052104,-0.004944,-0.162773,1.000000;;
   }
  }

  Frame Bip01_Prop2 {
   

   FrameTransformMatrix {
    0.190957,-0.913827,0.358409,0.000000,0.980104,0.157360,-0.120972,0.000000,0.054148,0.374378,0.925694,0.000000,0.186617,0.054433,0.119109,1.000000;;
   }
  }
 }
}

Frame Translation_Data {
 

 FrameTransformMatrix {
  1.000000,0.000000,0.000000,0.000000,0.000000,-0.000000,-1.000000,0.000000,0.000000,1.000000,-0.000000,0.000000,0.000000,0.000000,0.000000,1.000000;;
 }
}

Frame Body {
 

 FrameTransformMatrix {
  1.000000,0.000000,0.000000,0.000000,0.000000,1.000000,0.000000,0.000000,0.000000,0.000000,1.000000,0.000000,0.000000,0.000000,0.000000,1.000000;;
 }

 Mesh Body {
  617;
  0.076037;0.750400;-0.051099;,
  0.040058;0.765082;-0.043224;,
  0.050547;0.732586;-0.043355;,
  0.090566;0.731993;-0.041671;,
  0.097922;0.714812;-0.017773;,
  0.063584;0.698694;-0.043080;,
  0.078073;0.670776;-0.025745;,
  0.099165;0.686650;0.013720;,
  0.027427;0.797931;-0.019247;,
  0.068640;0.789593;-0.018367;,
  0.066194;0.792708;0.024301;,
  0.032320;0.793023;0.021128;,
  0.061923;0.549824;0.096387;,
  0.014014;0.548445;0.101415;,
  0.016641;0.559152;0.094890;,
  0.056620;0.559108;0.089642;,
  0.076289;0.551292;0.037610;,
  0.078864;0.527850;0.063226;,
  0.064473;0.541468;-0.001122;,
  0.054368;0.487974;0.015545;,
  0.076323;0.500742;0.034751;,
  0.026652;0.693857;-0.060344;,
  0.031692;0.661362;-0.052319;,
  -0.024200;0.543285;0.084163;,
  -0.021960;0.555978;0.076347;,
  0.023096;0.665068;0.093041;,
  -0.025360;0.662471;0.074203;,
  -0.024831;0.705632;0.066903;,
  0.029065;0.712511;0.084227;,
  0.072337;0.462394;0.015306;,
  0.100638;0.372218;-0.005368;,
  0.126840;0.368103;0.034027;,
  0.091901;0.458781;0.061461;,
  0.122897;0.275510;-0.025591;,
  0.134044;0.274995;0.025224;,
  0.021720;0.454265;0.014475;,
  -0.020221;0.443417;0.109436;,
  0.030186;0.340239;0.071637;,
  0.048606;0.358891;0.000334;,
  0.070716;0.266996;0.040665;,
  0.083214;0.266657;0.001325;,
  0.068080;0.432726;0.112592;,
  0.106119;0.352582;0.093400;,
  0.107929;0.274938;0.055381;,
  0.125943;0.005797;0.097840;,
  0.089408;0.005927;0.071569;,
  0.068357;0.005803;0.115616;,
  0.098119;0.005697;0.133762;,
  0.118784;0.216408;0.010128;,
  0.119360;0.145475;0.031554;,
  0.135010;0.154130;0.068444;,
  0.136405;0.225902;0.047736;,
  0.122586;0.071470;0.057044;,
  0.127903;0.076748;0.090932;,
  0.072076;0.198771;0.020697;,
  0.051786;0.225883;0.064968;,
  0.063209;0.162267;0.077663;,
  0.082430;0.144875;0.043572;,
  0.088099;0.087625;0.095657;,
  0.097378;0.067260;0.070558;,
  0.117432;0.242757;0.090166;,
  0.120413;0.169041;0.100852;,
  0.109725;0.094570;0.104968;,
  0.080705;0.500435;0.075138;,
  0.021774;0.477482;-0.011115;,
  0.014082;0.445889;0.007021;,
  0.021720;0.454265;0.014475;,
  0.059202;0.504568;0.125179;,
  0.003716;0.506285;0.125687;,
  0.060197;0.449307;0.121385;,
  0.008300;0.452373;0.124221;,
  0.020514;0.612243;0.093751;,
  0.059272;0.662467;0.091690;,
  0.077029;0.664603;0.080893;,
  0.094635;0.656098;0.031749;,
  0.077038;0.605478;0.038924;,
  0.060597;0.610934;0.086161;,
  0.079438;0.643738;-0.012729;,
  0.070129;0.595962;0.004063;,
  0.035123;0.642632;-0.041499;,
  0.028906;0.587698;-0.021267;,
  0.124593;0.736195;-0.070473;,
  0.079310;0.726439;-0.043087;,
  0.155765;0.696471;-0.066568;,
  0.108346;0.672431;-0.038935;,
  0.140527;0.632244;-0.032464;,
  0.179195;0.651300;-0.054874;,
  0.105724;0.733995;0.011292;,
  0.132656;0.691365;0.019511;,
  0.108346;0.672431;-0.038935;,
  0.162080;0.643049;0.015574;,
  0.140527;0.632244;-0.032464;,
  0.114769;0.740226;0.014082;,
  0.148700;0.754161;-0.011782;,
  0.180051;0.715732;-0.008124;,
  0.200692;0.661963;-0.006720;,
  0.140838;0.748134;-0.048344;,
  0.183842;0.635679;-0.068264;,
  0.139139;0.610712;-0.042214;,
  0.161857;0.559381;-0.065259;,
  0.189458;0.577616;-0.081168;,
  0.176309;0.523191;-0.076461;,
  0.197685;0.528724;-0.089946;,
  0.139139;0.610712;-0.042214;,
  0.171968;0.606515;0.011503;,
  0.198199;0.558538;-0.021073;,
  0.161857;0.559381;-0.065259;,
  0.203240;0.521547;-0.047420;,
  0.176309;0.523191;-0.076461;,
  0.216466;0.631408;-0.014306;,
  0.219088;0.572825;-0.033468;,
  0.218181;0.524208;-0.058510;,
  0.158342;0.442169;-0.076260;,
  0.168534;0.458911;-0.086245;,
  0.209461;0.462535;-0.061134;,
  0.199037;0.446011;-0.051678;,
  0.161358;0.450255;-0.090241;,
  0.168671;0.442827;-0.086098;,
  0.172890;0.439387;-0.095660;,
  0.160610;0.445848;-0.101017;,
  0.194221;0.488548;-0.045380;,
  0.207314;0.454810;-0.054660;,
  0.184466;0.466565;-0.100758;,
  0.166089;0.492246;-0.086210;,
  0.226103;0.495094;-0.064670;,
  0.223226;0.449690;-0.065555;,
  0.197445;0.500007;-0.107758;,
  0.201491;0.461768;-0.109904;,
  0.097041;0.797301;-0.029176;,
  0.100010;0.788191;-0.057500;,
  0.068640;0.789593;-0.018367;,
  0.068132;0.776862;-0.042327;,
  0.069692;0.714769;0.082375;,
  0.045788;0.783321;-0.035605;,
  0.099366;0.763483;-0.069318;,
  0.076037;0.750400;-0.051099;,
  0.090566;0.731993;-0.041671;,
  0.103868;0.743573;-0.059297;,
  0.081631;0.759500;0.052832;,
  0.035142;0.752325;0.060781;,
  0.085837;0.762355;0.047958;,
  -0.019881;0.741071;0.045811;,
  -0.009187;0.780629;0.001907;,
  0.066194;0.792708;0.024301;,
  0.085837;0.762355;0.047958;,
  0.091232;0.721220;0.003767;,
  0.092225;0.752028;0.039078;,
  0.079310;0.726439;-0.043087;,
  0.084445;0.702226;0.057100;,
  0.091875;0.687835;0.026361;,
  0.097922;0.714812;-0.017773;,
  0.083017;0.710335;0.071635;,
  0.166089;0.492246;-0.086210;,
  0.021903;0.822913;-0.054631;,
  0.034504;0.809901;-0.068384;,
  -0.001135;0.797309;-0.025871;,
  -0.004560;0.822786;-0.048594;,
  0.201491;0.461768;-0.109904;,
  0.158342;0.442169;-0.076260;,
  0.199037;0.446011;-0.051678;,
  0.162529;0.470146;-0.091330;,
  0.168373;0.458887;-0.113915;,
  0.162529;0.470146;-0.091330;,
  0.176599;0.459704;-0.088200;,
  0.189788;0.455840;-0.108617;,
  0.189788;0.455840;-0.108617;,
  0.161358;0.450255;-0.090241;,
  0.160610;0.445848;-0.101017;,
  0.172890;0.439387;-0.095660;,
  0.171790;0.027455;0.035865;,
  0.164723;0.024500;-0.012658;,
  0.169624;0.005918;-0.018136;,
  0.180286;0.005818;0.032618;,
  0.070843;0.039223;0.104652;,
  0.068357;0.005803;0.115616;,
  0.089408;0.005927;0.071569;,
  0.089627;0.030887;0.068727;,
  0.088099;0.087625;0.095657;,
  0.109725;0.094570;0.104968;,
  0.106429;0.042146;0.126101;,
  0.125943;0.005797;0.097840;,
  0.098119;0.005697;0.133762;,
  0.128291;0.040740;0.096393;,
  0.122586;0.071470;0.057044;,
  0.127903;0.076748;0.090932;,
  0.134422;0.006012;-0.027670;,
  0.135844;0.021530;-0.018270;,
  0.180286;0.005818;0.032618;,
  0.134422;0.006012;-0.027670;,
  0.048606;0.358891;0.000334;,
  0.083214;0.266657;0.001325;,
  0.072076;0.198771;0.020697;,
  0.082430;0.144875;0.043572;,
  0.097378;0.067260;0.070558;,
  0.097378;0.067260;0.070558;,
  -0.007751;0.442181;0.054068;,
  0.045037;0.797658;-0.095118;,
  0.038143;0.778538;-0.102006;,
  0.031863;0.774233;-0.093756;,
  0.030792;0.793814;-0.077372;,
  0.031468;0.825757;-0.093019;,
  0.020720;0.846122;-0.085787;,
  -0.025150;0.862867;-0.198789;,
  -0.045249;0.861593;-0.197112;,
  -0.041135;0.832944;-0.204426;,
  0.010230;0.790152;-0.181202;,
  -0.002532;0.812188;-0.196509;,
  -0.005424;0.780857;-0.180063;,
  0.041007;0.817606;-0.114938;,
  0.037074;0.788700;-0.120770;,
  0.039830;0.810874;-0.097785;,
  0.030565;0.851644;-0.130945;,
  0.027813;0.839700;-0.152201;,
  0.015129;0.855957;-0.183177;,
  0.007817;0.831837;-0.195213;,
  0.025348;0.815233;-0.163939;,
  0.013800;0.884802;-0.114328;,
  0.026797;0.866134;-0.123316;,
  -0.023512;0.886336;-0.098168;,
  -0.039024;0.903186;-0.141816;,
  -0.007307;0.900570;-0.155049;,
  0.033215;0.803171;-0.146385;,
  0.021338;0.778819;-0.152959;,
  0.031436;0.770313;-0.119517;,
  0.025790;0.743996;-0.104400;,
  0.008538;0.730615;-0.102450;,
  0.009121;0.746178;-0.088152;,
  -0.013147;0.829356;-0.204566;,
  -0.003187;0.861261;-0.195888;,
  0.007951;0.887087;-0.168406;,
  -0.010487;0.887314;-0.183300;,
  -0.045626;0.891720;-0.174952;,
  -0.028599;0.892062;-0.179126;,
  -0.010883;0.855041;-0.076366;,
  0.007951;0.887087;-0.168406;,
  -0.010487;0.887314;-0.183300;,
  0.046037;0.819911;-0.118965;,
  0.047053;0.851964;-0.131228;,
  0.036084;0.855321;-0.149170;,
  0.035475;0.839190;-0.136429;,
  0.047053;0.851964;-0.131228;,
  0.046037;0.819911;-0.118965;,
  0.036084;0.855321;-0.149170;,
  0.027813;0.839700;-0.152201;,
  0.036254;0.820571;-0.138193;,
  0.041007;0.817606;-0.114938;,
  0.013780;0.791506;-0.169611;,
  0.036254;0.820571;-0.138193;,
  0.045788;0.783321;-0.035605;,
  0.034504;0.809901;-0.068384;,
  0.068132;0.776862;-0.042327;,
  0.031468;0.825757;-0.093019;,
  0.020853;0.744217;-0.064577;,
  0.022881;0.720703;-0.060649;,
  0.026949;0.537645;-0.023039;,
  -0.034412;0.502737;0.108168;,
  -0.034936;0.468560;0.111055;,
  -0.023187;0.429094;0.097564;,
  0.012396;0.762488;-0.082178;,
  -0.007751;0.442181;0.054068;,
  -0.028599;0.892062;-0.179126;,
  -0.045626;0.891720;-0.174952;,
  0.016054;0.758137;-0.131400;,
  0.001502;0.764258;-0.150702;,
  0.004843;0.758524;-0.143689;,
  -0.038015;0.817776;-0.204851;,
  -0.030850;0.794818;-0.196546;,
  -0.004484;0.782583;-0.167193;,
  -0.022570;0.609050;0.074291;,
  0.068132;0.776862;-0.042327;,
  0.169624;0.005918;-0.018136;,
  0.017646;0.754395;-0.126186;,
  0.011077;0.746175;-0.126953;,
  0.009326;0.751770;-0.128279;,
  -0.009690;0.748986;-0.154856;,
  -0.006902;0.751433;-0.142733;,
  0.007803;0.750201;-0.134101;,
  -0.001802;0.749184;-0.125809;,
  0.000414;0.740667;-0.124348;,
  -0.021077;0.771561;-0.178923;,
  -0.018003;0.769180;-0.169526;,
  0.092225;0.752028;0.039078;,
  -0.003012;0.745001;-0.133511;,
  0.081316;0.729320;0.017408;,
  0.091232;0.721220;0.003767;,
  0.097922;0.714812;-0.017773;,
  0.026797;0.866134;-0.123316;,
  0.118784;0.216408;0.010128;,
  0.082196;0.214352;-0.041164;,
  0.095564;0.140056;-0.024760;,
  0.119360;0.145475;0.031554;,
  0.122897;0.275510;-0.025591;,
  0.082565;0.274184;-0.050673;,
  0.100638;0.372218;-0.005367;,
  0.051141;0.361927;-0.029401;,
  0.072337;0.462394;0.015306;,
  0.031393;0.446536;-0.011055;,
  0.054368;0.487974;0.015545;,
  0.102341;0.068694;-0.017771;,
  0.122586;0.071470;0.057044;,
  0.056371;0.160564;0.100474;,
  0.062150;0.093028;0.117911;,
  0.007794;0.089746;0.057029;,
  0.005421;0.162632;0.056327;,
  0.007393;0.229585;0.047572;,
  0.050361;0.227924;0.079391;,
  0.004680;0.292242;0.049766;,
  0.053300;0.264068;0.065387;,
  0.024144;0.336838;0.084898;,
  -0.013859;0.361584;0.079090;,
  -0.032159;0.441767;0.107991;,
  0.081316;0.729320;0.017408;,
  -0.044692;0.731272;-0.081588;,
  -0.054021;0.709712;-0.080450;,
  -0.011226;0.723646;-0.066458;,
  -0.012068;0.757093;-0.062124;,
  -0.058487;0.691801;-0.075418;,
  -0.066630;0.666198;-0.055241;,
  -0.020707;0.658591;-0.066831;,
  -0.012377;0.687701;-0.071489;,
  -0.026507;0.789436;-0.038493;,
  -0.054669;0.780433;-0.011404;,
  -0.081508;0.771495;-0.026062;,
  -0.061630;0.770140;-0.051176;,
  -0.089143;0.546199;0.025999;,
  -0.080931;0.555326;0.022650;,
  -0.060452;0.557032;0.057343;,
  -0.062157;0.546617;0.065924;,
  -0.051749;0.547772;-0.024749;,
  -0.073783;0.524187;-0.007899;,
  -0.013563;0.539322;-0.039129;,
  -0.049538;0.498001;-0.023575;,
  -0.019983;0.486190;-0.019099;,
  -0.021960;0.555978;0.076347;,
  -0.024200;0.543285;0.084163;,
  -0.070315;0.656174;0.049028;,
  -0.075171;0.699653;0.040872;,
  -0.024831;0.705632;0.066903;,
  -0.025360;0.662471;0.074203;,
  -0.030644;0.464717;-0.035058;,
  -0.077398;0.456020;-0.019600;,
  -0.071123;0.369079;-0.071401;,
  -0.025011;0.378422;-0.077872;,
  -0.060073;0.277824;-0.089966;,
  -0.015435;0.283773;-0.115484;,
  0.005048;0.458014;0.000326;,
  0.007025;0.364968;-0.036519;,
  -0.031161;0.337563;0.023166;,
  -0.042161;0.442891;0.099214;,
  -0.007592;0.272994;-0.068835;,
  -0.027982;0.269507;-0.033466;,
  -0.099311;0.346320;-0.017709;,
  -0.097431;0.425982;0.030342;,
  -0.064536;0.275144;-0.050682;,
  -0.091953;0.005754;-0.040638;,
  -0.107462;0.007538;0.002034;,
  -0.076233;0.008968;0.017454;,
  -0.050239;0.007461;-0.023843;,
  -0.034212;0.221111;-0.090513;,
  -0.074420;0.227234;-0.077829;,
  -0.083209;0.154210;-0.064705;,
  -0.044924;0.148808;-0.078332;,
  -0.088948;0.075961;-0.047421;,
  -0.058905;0.072366;-0.064751;,
  -0.009072;0.204246;-0.049428;,
  -0.028746;0.148504;-0.043022;,
  -0.042089;0.163937;-0.005366;,
  -0.029898;0.228650;-0.003849;,
  -0.054711;0.068280;-0.034202;,
  -0.068174;0.088063;-0.013494;,
  -0.098252;0.167147;-0.031658;,
  -0.094005;0.241509;-0.034736;,
  -0.089487;0.093825;-0.024446;,
  -0.083001;0.496507;-0.001140;,
  0.005048;0.458014;0.000326;,
  -0.072455;0.504457;0.090196;,
  -0.107646;0.500564;0.047437;,
  -0.070052;0.448424;0.084832;,
  -0.101270;0.443516;0.043508;,
  -0.063720;0.606406;0.051023;,
  -0.090972;0.648161;0.020898;,
  -0.093825;0.648335;0.000390;,
  -0.080390;0.601164;0.014644;,
  -0.050434;0.596645;-0.025737;,
  -0.064602;0.640936;-0.043279;,
  -0.016648;0.589949;-0.039955;,
  -0.018176;0.634443;-0.058722;,
  -0.088501;0.699445;-0.100803;,
  -0.111629;0.654462;-0.098250;,
  -0.050803;0.702621;-0.062535;,
  -0.128426;0.606903;-0.085537;,
  -0.093972;0.599151;-0.052171;,
  -0.069298;0.644265;-0.057091;,
  -0.091262;0.709626;-0.017525;,
  -0.069298;0.644265;-0.057091;,
  -0.110937;0.663180;-0.009406;,
  -0.093972;0.599151;-0.052171;,
  -0.128848;0.609213;-0.012675;,
  -0.101720;0.713974;-0.017879;,
  -0.153307;0.673700;-0.050612;,
  -0.129831;0.717490;-0.052690;,
  -0.163252;0.616847;-0.045896;,
  -0.111834;0.709698;-0.085098;,
  -0.126101;0.589851;-0.097341;,
  -0.116331;0.531183;-0.103002;,
  -0.090767;0.521184;-0.078632;,
  -0.085691;0.578106;-0.058233;,
  -0.111447;0.481207;-0.106287;,
  -0.095273;0.480941;-0.084193;,
  -0.085691;0.578106;-0.058233;,
  -0.090767;0.521184;-0.078632;,
  -0.136462;0.515699;-0.044634;,
  -0.129897;0.571000;-0.013761;,
  -0.095273;0.480941;-0.084193;,
  -0.130126;0.476263;-0.068742;,
  -0.155813;0.523709;-0.063487;,
  -0.170157;0.582743;-0.052581;,
  -0.138695;0.474806;-0.081337;,
  -0.081369;0.400149;-0.056532;,
  -0.127715;0.400925;-0.067781;,
  -0.129210;0.416056;-0.083271;,
  -0.082337;0.415502;-0.072256;,
  -0.074049;0.407438;-0.069308;,
  -0.065753;0.402764;-0.076048;,
  -0.077953;0.395348;-0.080217;,
  -0.081825;0.399493;-0.070788;,
  -0.130598;0.443916;-0.063800;,
  -0.082098;0.448901;-0.073549;,
  -0.083798;0.421114;-0.094378;,
  -0.131888;0.408792;-0.076469;,
  -0.135314;0.401819;-0.094847;,
  -0.139988;0.446747;-0.100341;,
  -0.089581;0.452916;-0.111438;,
  -0.089257;0.414415;-0.112318;,
  -0.088179;0.768692;-0.061455;,
  -0.081267;0.758868;-0.088840;,
  -0.049811;0.758302;-0.070617;,
  -0.061630;0.770140;-0.051176;,
  -0.101869;0.693606;0.011016;,
  -0.026149;0.771780;-0.060995;,
  -0.070566;0.735203;-0.098136;,
  -0.071760;0.713677;-0.087499;,
  -0.054021;0.709712;-0.080450;,
  -0.044692;0.731272;-0.081588;,
  -0.102169;0.733419;-0.011822;,
  -0.103079;0.735573;-0.017709;,
  -0.072111;0.736802;0.020670;,
  -0.019881;0.741071;0.045811;,
  -0.009187;0.780629;0.001907;,
  -0.081508;0.771495;-0.026062;,
  -0.103079;0.735573;-0.017709;,
  -0.070965;0.697359;-0.049230;,
  -0.050803;0.702621;-0.062535;,
  -0.100051;0.724514;-0.023071;,
  -0.070933;0.667752;-0.041357;,
  -0.091029;0.680580;-0.015887;,
  -0.058487;0.691801;-0.075418;,
  -0.102244;0.687482;-0.005422;,
  -0.082098;0.448901;-0.073549;,
  -0.031781;0.790588;-0.063537;,
  -0.027135;0.808625;-0.051046;,
  -0.004560;0.822786;-0.048594;,
  -0.001135;0.797309;-0.025871;,
  -0.089257;0.414415;-0.112318;,
  -0.081369;0.400149;-0.056532;,
  -0.127715;0.400925;-0.067781;,
  -0.062785;0.414564;-0.091814;,
  -0.074995;0.427080;-0.072703;,
  -0.074995;0.427080;-0.072703;,
  -0.086728;0.415459;-0.079342;,
  -0.081585;0.409674;-0.102705;,
  -0.081585;0.409674;-0.102705;,
  -0.065753;0.402764;-0.076048;,
  -0.074049;0.407438;-0.069308;,
  -0.077953;0.395348;-0.080217;,
  -0.064420;0.024243;-0.113521;,
  -0.065834;0.002155;-0.121335;,
  -0.017237;0.002190;-0.139448;,
  -0.019576;0.021067;-0.133324;,
  -0.068874;0.042077;0.007815;,
  -0.048389;0.032340;-0.026804;,
  -0.050239;0.007461;-0.023843;,
  -0.076233;0.008968;0.017454;,
  -0.068174;0.088063;-0.013494;,
  -0.106059;0.043410;-0.010909;,
  -0.089487;0.093825;-0.024446;,
  -0.091953;0.005754;-0.040638;,
  -0.092593;0.040507;-0.045155;,
  -0.107462;0.007538;0.002034;,
  -0.058905;0.072366;-0.064751;,
  -0.088948;0.075961;-0.047421;,
  0.000640;0.019533;-0.111799;,
  0.009616;0.003996;-0.114837;,
  0.009616;0.003996;-0.114837;,
  -0.065834;0.002155;-0.121335;,
  0.007025;0.364968;-0.036519;,
  -0.007592;0.272994;-0.068835;,
  -0.009072;0.204246;-0.049428;,
  -0.028746;0.148504;-0.043022;,
  -0.054711;0.068280;-0.034202;,
  -0.054711;0.068280;-0.034202;,
  -0.042100;0.779070;-0.071327;,
  -0.020555;0.778853;-0.073618;,
  -0.022163;0.762708;-0.079005;,
  -0.032759;0.763413;-0.082647;,
  -0.041120;0.810273;-0.073200;,
  -0.036908;0.833828;-0.070052;,
  -0.062342;0.854933;-0.188634;,
  -0.045249;0.861593;-0.197112;,
  -0.053865;0.776479;-0.163702;,
  -0.037471;0.774020;-0.171313;,
  -0.059696;0.799993;-0.180902;,
  -0.044938;0.771205;-0.098378;,
  -0.056196;0.796871;-0.088398;,
  -0.044344;0.792918;-0.074803;,
  -0.068762;0.830455;-0.103825;,
  -0.072413;0.818319;-0.124835;,
  -0.066879;0.795559;-0.138757;,
  -0.074679;0.814239;-0.172689;,
  -0.083743;0.834866;-0.156181;,
  -0.067602;0.845997;-0.097542;,
  -0.060120;0.869033;-0.094145;,
  -0.023512;0.886336;-0.098168;,
  -0.069397;0.887324;-0.138096;,
  -0.039024;0.903186;-0.141816;,
  -0.059908;0.783306;-0.120959;,
  -0.032894;0.756590;-0.101952;,
  -0.044506;0.764773;-0.134982;,
  -0.011064;0.736134;-0.094337;,
  -0.061824;0.818972;-0.191275;,
  -0.077571;0.845393;-0.175579;,
  -0.075622;0.873419;-0.165516;,
  -0.082760;0.867736;-0.143638;,
  -0.061167;0.885114;-0.170234;,
  -0.045626;0.891720;-0.174952;,
  -0.010883;0.855041;-0.076366;,
  -0.082760;0.867736;-0.143638;,
  -0.075622;0.873419;-0.165516;,
  -0.062989;0.796653;-0.089197;,
  -0.070549;0.816573;-0.107480;,
  -0.083384;0.829836;-0.116551;,
  -0.081976;0.824440;-0.095998;,
  -0.062989;0.796653;-0.089197;,
  -0.081976;0.824440;-0.095998;,
  -0.083384;0.829836;-0.116551;,
  -0.072413;0.818319;-0.124835;,
  -0.064929;0.798987;-0.110566;,
  -0.056196;0.796871;-0.088398;,
  -0.051519;0.777576;-0.151782;,
  -0.064929;0.798987;-0.110566;,
  -0.031781;0.790588;-0.063537;,
  -0.026149;0.771780;-0.060995;,
  -0.049811;0.758302;-0.070617;,
  -0.041120;0.810273;-0.073200;,
  -0.034412;0.502737;0.108168;,
  -0.034936;0.468560;0.111055;,
  -0.023187;0.429094;0.097564;,
  -0.007751;0.442181;0.054068;,
  -0.061167;0.885114;-0.170234;,
  -0.045626;0.891720;-0.174952;,
  -0.021966;0.750027;-0.121019;,
  -0.019297;0.753375;-0.137098;,
  -0.022275;0.759186;-0.144209;,
  -0.032593;0.776587;-0.159518;,
  -0.022570;0.609050;0.074291;,
  -0.049811;0.758302;-0.070617;,
  -0.017237;0.002190;-0.139448;,
  -0.011331;0.741395;-0.120835;,
  -0.019249;0.746524;-0.116112;,
  -0.012733;0.747064;-0.122256;,
  -0.013778;0.745598;-0.128209;,
  -0.100051;0.724514;-0.023071;,
  -0.072911;0.706817;-0.034005;,
  -0.070965;0.697359;-0.049230;,
  -0.058487;0.691801;-0.075418;,
  -0.067602;0.845997;-0.097542;,
  0.024469;0.216367;-0.086025;,
  0.014619;0.140178;-0.083779;,
  0.058106;0.139312;-0.062255;,
  0.053622;0.216356;-0.064453;,
  0.023686;0.281248;-0.094672;,
  0.053023;0.276805;-0.070914;,
  0.021320;0.367560;-0.052998;,
  0.037208;0.358363;-0.040480;,
  0.015834;0.451067;-0.021719;,
  0.023976;0.439378;-0.014942;,
  0.021774;0.477482;-0.011115;,
  -0.019983;0.486190;-0.019099;,
  0.012628;0.068208;-0.083114;,
  0.063624;0.073660;-0.063851;,
  -0.055873;0.087083;0.028065;,
  -0.089475;0.093825;-0.024439;,
  -0.098252;0.167147;-0.031658;,
  -0.048326;0.161129;0.017855;,
  -0.094005;0.241509;-0.034736;,
  -0.043732;0.227660;0.006559;,
  -0.035738;0.265172;-0.000900;,
  -0.064536;0.275144;-0.050682;,
  -0.099311;0.346320;-0.017709;,
  -0.037381;0.330860;0.038093;,
  -0.034936;0.468560;0.111055;,
  -0.070052;0.448424;0.084832;,
  -0.072911;0.706817;-0.034005;,
  -0.030644;0.464717;-0.035058;,
  -0.025011;0.378422;-0.077872;,
  -0.015435;0.283773;-0.115484;,
  -0.034212;0.221111;-0.090513;,
  -0.044924;0.148808;-0.078332;,
  -0.058905;0.072366;-0.064751;,
  0.106119;0.352582;0.093400;,
  0.008300;0.452373;0.124221;,
  0.068080;0.432726;0.112592;,
  0.107929;0.274938;0.055381;,
  0.117432;0.242757;0.090166;,
  0.120413;0.169041;0.100852;,
  0.109725;0.094570;0.104968;,
  -0.097431;0.425982;0.030342;;
  916;
  3;0,2,1;,
  3;2,0,3;,
  3;4,6,5;,
  3;6,4,7;,
  3;8,10,9;,
  3;10,8,11;,
  3;12,14,13;,
  3;14,12,15;,
  3;16,12,17;,
  3;12,16,15;,
  3;18,20,19;,
  3;20,18,16;,
  3;5,22,21;,
  3;22,5,6;,
  3;13,24,23;,
  3;24,13,14;,
  3;25,27,26;,
  3;27,25,28;,
  3;29,31,30;,
  3;31,29,32;,
  3;31,33,30;,
  3;33,31,34;,
  3;35,37,36;,
  3;37,35,38;,
  3;38,39,37;,
  3;39,38,40;,
  3;36,42,41;,
  3;42,36,37;,
  3;37,43,42;,
  3;43,37,39;,
  3;41,31,32;,
  3;31,41,42;,
  3;42,34,31;,
  3;34,42,43;,
  3;44,46,45;,
  3;46,44,47;,
  3;48,50,49;,
  3;50,48,51;,
  3;49,53,52;,
  3;53,49,50;,
  3;54,56,55;,
  3;56,54,57;,
  3;57,58,56;,
  3;58,57,59;,
  3;55,61,60;,
  3;61,55,56;,
  3;56,62,61;,
  3;62,56,58;,
  3;60,50,51;,
  3;50,60,61;,
  3;61,53,50;,
  3;53,61,62;,
  3;32,20,63;,
  3;20,32,29;,
  3;64,66,65;,
  3;66,64,19;,
  3;13,67,12;,
  3;67,13,68;,
  3;68,69,67;,
  3;69,68,70;,
  3;70,41,69;,
  3;41,70,36;,
  3;48,34,51;,
  3;34,48,33;,
  3;51,43,60;,
  3;43,51,34;,
  3;43,55,60;,
  3;55,43,39;,
  3;39,54,55;,
  3;54,39,40;,
  3;12,63,17;,
  3;63,12,67;,
  3;67,32,63;,
  3;32,67,69;,
  3;69,41,32;,
  3;71,72,25;,
  3;73,75,74;,
  3;75,73,76;,
  3;75,77,74;,
  3;77,75,78;,
  3;79,78,80;,
  3;78,79,77;,
  3;81,83,82;,
  3;83,85,84;,
  3;85,83,86;,
  3;87,89,88;,
  3;89,90,88;,
  3;90,89,91;,
  3;92,94,93;,
  3;92,88,94;,
  3;92,87,88;,
  3;88,95,94;,
  3;95,88,90;,
  3;96,94,83;,
  3;94,86,83;,
  3;86,94,95;,
  3;97,99,98;,
  3;99,97,100;,
  3;100,101,99;,
  3;101,100,102;,
  3;103,105,104;,
  3;105,103,106;,
  3;106,107,105;,
  3;107,106,108;,
  3;104,110,109;,
  3;110,104,105;,
  3;105,111,110;,
  3;111,105,107;,
  3;109,100,97;,
  3;100,109,110;,
  3;110,102,100;,
  3;102,110,111;,
  3;112,114,113;,
  3;114,112,115;,
  3;116,118,117;,
  3;118,116,119;,
  3;120,122,121;,
  3;122,120,123;,
  3;120,125,124;,
  3;125,120,121;,
  3;126,125,127;,
  3;125,126,124;,
  3;95,97,86;,
  3;97,95,109;,
  3;86,98,85;,
  3;98,86,97;,
  3;90,103,104;,
  3;103,90,91;,
  3;104,95,90;,
  3;95,104,109;,
  3;128,96,129;,
  3;96,128,93;,
  3;129,130,128;,
  3;130,129,131;,
  3;72,28,25;,
  3;28,72,132;,
  3;9,133,8;,
  3;134,136,135;,
  3;136,134,137;,
  3;81,137,134;,
  3;138,11,139;,
  3;138,10,11;,
  3;138,140,10;,
  3;141,11,142;,
  3;11,141,139;,
  3;128,130,143;,
  3;93,144,92;,
  3;93,143,144;,
  3;93,128,143;,
  3;145,87,146;,
  3;87,145,147;,
  3;74,148,73;,
  3;148,74,149;,
  3;150,147,145;,
  3;7,149,74;,
  3;148,151,73;,
  3;102,152,101;,
  3;152,102,126;,
  3;102,124,126;,
  3;124,102,111;,
  3;111,120,124;,
  3;120,111,107;,
  3;120,108,123;,
  3;108,120,107;,
  3;8,154,153;,
  3;154,8,133;,
  3;153,155,8;,
  3;155,153,156;,
  3;121,113,114;,
  3;113,121,122;,
  3;122,112,113;,
  3;112,122,157;,
  3;158,125,159;,
  3;125,158,127;,
  3;159,121,114;,
  3;121,159,125;,
  3;126,160,152;,
  3;160,126,161;,
  3;162,122,123;,
  3;122,162,163;,
  3;122,164,157;,
  3;164,122,163;,
  3;165,126,127;,
  3;126,165,161;,
  3;161,166,160;,
  3;166,161,167;,
  3;162,117,163;,
  3;117,162,116;,
  3;163,118,164;,
  3;118,163,117;,
  3;165,167,161;,
  3;167,165,168;,
  3;169,171,170;,
  3;171,169,172;,
  3;173,175,174;,
  3;175,173,176;,
  3;177,179,178;,
  3;179,177,173;,
  3;180,179,181;,
  3;179,180,182;,
  3;183,169,170;,
  3;169,183,184;,
  3;175,186,185;,
  3;186,175,176;,
  3;45,187,44;,
  3;187,45,188;,
  3;180,169,182;,
  3;169,180,172;,
  3;19,29,66;,
  3;20,29,19;,
  3;29,30,189;,
  3;30,190,189;,
  3;190,30,33;,
  3;33,191,190;,
  3;191,33,48;,
  3;191,49,192;,
  3;49,191,48;,
  3;192,52,193;,
  3;52,192,49;,
  3;194,170,186;,
  3;170,194,183;,
  3;170,185,186;,
  3;185,170,171;,
  3;186,176,194;,
  3;194,173,177;,
  3;173,194,176;,
  3;179,174,181;,
  3;174,179,173;,
  3;178,182,184;,
  3;182,178,179;,
  3;182,169,184;,
  3;16,17,20;,
  3;17,63,20;,
  3;66,195,65;,
  3;196,198,197;,
  3;198,196,199;,
  3;200,153,154;,
  3;153,200,201;,
  3;202,204,203;,
  3;205,207,206;,
  3;196,209,208;,
  3;209,196,197;,
  3;210,208,211;,
  3;208,210,196;,
  3;212,214,213;,
  3;214,212,215;,
  3;212,213,211;,
  3;201,217,216;,
  3;217,201,200;,
  3;218,220,219;,
  3;220,218,216;,
  3;210,199,196;,
  3;214,205,206;,
  3;221,223,222;,
  3;197,198,224;,
  3;224,226,225;,
  3;226,224,198;,
  3;227,214,206;,
  3;228,229,213;,
  3;229,228,230;,
  3;219,232,231;,
  3;214,228,213;,
  3;156,201,233;,
  3;201,156,153;,
  3;233,216,218;,
  3;216,233,201;,
  3;220,216,234;,
  3;235,220,234;,
  3;236,238,237;,
  3;238,236,239;,
  3;208,240,211;,
  3;240,208,241;,
  3;211,242,212;,
  3;242,211,240;,
  3;243,239,244;,
  3;239,243,238;,
  3;244,236,245;,
  3;236,244,239;,
  3;246,221,222;,
  3;221,246,215;,
  3;221,212,247;,
  3;212,221,215;,
  3;199,248,1;,
  3;248,199,249;,
  3;133,9,250;,
  3;249,210,251;,
  3;210,249,199;,
  3;210,211,251;,
  3;252,2,253;,
  3;2,252,1;,
  3;19,254,18;,
  3;254,19,64;,
  3;23,68,13;,
  3;68,23,255;,
  3;68,256,70;,
  3;256,68,255;,
  3;256,36,70;,
  3;36,256,257;,
  3;258,1,252;,
  3;1,258,199;,
  3;257,259,36;,
  3;36,259,35;,
  3;260,203,261;,
  3;203,260,202;,
  3;262,263,222;,
  3;263,262,264;,
  3;198,258,226;,
  3;258,198,199;,
  3;265,204,227;,
  3;265,206,266;,
  3;206,265,227;,
  3;222,267,246;,
  3;267,222,263;,
  3;89,87,147;,
  3;82,83,84;,
  3;78,16,18;,
  3;16,78,75;,
  3;75,15,16;,
  3;15,75,76;,
  3;15,71,14;,
  3;71,15,76;,
  3;14,268,24;,
  3;268,14,71;,
  3;248,269,1;,
  3;1,269,0;,
  3;135,129,134;,
  3;129,135,131;,
  3;134,96,81;,
  3;96,134,129;,
  3;96,83,81;,
  3;94,96,93;,
  3;29,189,66;,
  3;205,215,246;,
  3;267,205,246;,
  3;205,267,207;,
  3;205,214,215;,
  3;187,188,270;,
  3;224,272,271;,
  3;223,221,209;,
  3;224,223,197;,
  3;271,273,262;,
  3;273,271,272;,
  3;263,275,274;,
  3;273,276,262;,
  3;277,272,278;,
  3;272,277,273;,
  3;223,271,262;,
  3;271,223,224;,
  3;223,209,197;,
  3;208,221,247;,
  3;221,208,209;,
  3;222,223,262;,
  3;266,207,279;,
  3;207,266,206;,
  3;207,280,279;,
  3;280,207,267;,
  3;280,263,274;,
  3;263,280,267;,
  3;264,262,276;,
  3;76,73,72;,
  3;138,281,140;,
  3;73,132,72;,
  3;132,73,151;,
  3;72,71,76;,
  3;272,225,278;,
  3;155,11,8;,
  3;276,277,282;,
  3;277,276,273;,
  3;275,276,282;,
  3;276,275,264;,
  3;28,141,27;,
  3;141,28,139;,
  3;139,132,138;,
  3;132,139,28;,
  3;132,281,138;,
  3;281,132,151;,
  3;281,148,283;,
  3;148,281,151;,
  3;283,149,284;,
  3;149,283,148;,
  3;7,284,149;,
  3;284,7,4;,
  3;6,79,22;,
  3;79,6,77;,
  3;77,7,74;,
  3;7,77,6;,
  3;5,3,4;,
  3;3,5,2;,
  3;285,137,82;,
  3;137,285,136;,
  3;137,81,82;,
  3;92,146,87;,
  3;146,92,144;,
  3;2,21,253;,
  3;21,2,5;,
  3;286,213,229;,
  3;251,211,286;,
  3;213,286,211;,
  3;234,216,217;,
  3;227,202,228;,
  3;202,230,228;,
  3;230,202,260;,
  3;232,220,235;,
  3;228,214,227;,
  3;26,71,25;,
  3;71,26,268;,
  3;155,142,11;,
  3;18,80,78;,
  3;80,18,254;,
  3;272,224,225;,
  3;275,263,264;,
  3;202,227,204;,
  3;232,219,220;,
  3;287,289,288;,
  3;289,287,290;,
  3;291,288,292;,
  3;288,291,287;,
  3;293,292,294;,
  3;292,293,291;,
  3;295,294,296;,
  3;294,295,293;,
  3;296,297,295;,
  3;298,290,299;,
  3;290,298,289;,
  3;300,302,301;,
  3;302,300,303;,
  3;304,300,305;,
  3;300,304,303;,
  3;306,305,307;,
  3;305,306,304;,
  3;308,306,307;,
  3;306,308,309;,
  3;308,310,309;,
  3;145,146,311;,
  3;312,314,313;,
  3;314,312,315;,
  3;316,318,317;,
  3;318,316,319;,
  3;320,322,321;,
  3;322,320,323;,
  3;324,326,325;,
  3;326,324,327;,
  3;328,324,325;,
  3;324,328,329;,
  3;330,331,328;,
  3;331,330,332;,
  3;319,22,318;,
  3;22,319,21;,
  3;327,333,326;,
  3;333,327,334;,
  3;335,337,336;,
  3;337,335,338;,
  3;339,341,340;,
  3;341,339,342;,
  3;341,344,343;,
  3;344,341,342;,
  3;345,347,346;,
  3;347,345,348;,
  3;346,350,349;,
  3;350,346,347;,
  3;348,351,347;,
  3;351,348,352;,
  3;347,353,350;,
  3;353,347,351;,
  3;352,341,351;,
  3;341,352,340;,
  3;351,343,353;,
  3;343,351,341;,
  3;354,356,355;,
  3;356,354,357;,
  3;358,360,359;,
  3;360,358,361;,
