xof 0303txt 0032
template XSkinMeshHeader {
 <3cf169ce-ff7c-44ab-93c0-f78f62d172e2>
 WORD nMaxSkinWeightsPerVertex;
 WORD nMaxSkinWeightsPerFace;
 WORD nBones;
}

template VertexDuplicationIndices {
 <b8d65549-d7c9-4995-89cf-53a9a8b031e3>
 DWORD nIndices;
 DWORD nOriginalVertices;
 array DWORD indices[nIndices];
}

template SkinWeights {
 <6f0d123b-bad2-4167-a0d0-80224f25fabb>
 STRING transformNodeName;
 DWORD nWeights;
 array DWORD vertexIndices[nWeights];
 array FLOAT weights[nWeights];
 Matrix4x4 matrixOffset;
}

template AnimTicksPerSecond {
 <9e415a43-7ba6-4a73-8743-b73d47e88476>
 DWORD AnimTicksPerSecond;
}

template VertexElement {
 <f752461c-1e23-48f6-b9f8-8350850f336f>
 DWORD Type;
 DWORD Method;
 DWORD Usage;
 DWORD UsageIndex;
}

template DeclData {
 <bf22e553-292c-4781-9fea-62bd554bdd93>
 DWORD nElements;
 array VertexElement Elements[nElements];
 DWORD nDWords;
 array DWORD data[nDWords];
}


AnimTicksPerSecond {
 4800;
}

Frame Dummy01 {
 

 FrameTransformMatrix {
  1.000000,0.000000,0.000000,0.000000,0.000000,-0.000000,-1.000000,0.000000,0.000000,1.000000,-0.000000,0.000000,0.000000,0.000000,0.000000,1.000000;;
 }

 Frame Bip01 {
  

  FrameTransformMatrix {
   0.087157,0.982405,-0.165182,0.000000,0.000000,0.165813,0.986157,0.000000,0.996195,-0.085950,0.014452,0.000000,-0.010000,-0.063814,0.490453,1.000000;;
  }

  Frame Bip01_Pelvis {
   

   FrameTransformMatrix {
    0.000000,1.000000,-0.000001,0.000000,-0.000001,0.000001,1.000000,0.000000,1.000000,0.000000,0.000001,0.000000,0.000000,0.000000,0.000000,1.000000;;
   }

   Frame Bip01_Spine {
    

    FrameTransformMatrix {
     0.989508,0.137360,-0.044788,0.000000,-0.144416,0.931302,-0.334396,0.000000,-0.004221,0.337355,0.941368,0.000000,0.051634,-0.000029,-0.000080,1.000000;;
    }

    Frame Bip01_Spine1 {
     

     FrameTransformMatrix {
      0.998351,0.038849,0.042260,0.000000,-0.030818,0.983840,-0.176375,0.000000,-0.048429,0.174782,0.983415,0.000000,0.106484,-0.000015,-0.000083,1.000000;;
     }

     Frame Bip01_Neck {
      

      FrameTransformMatrix {
       1.000000,-0.000000,0.000000,0.000000,-0.000000,1.000000,0.000000,0.000000,0.000000,-0.000000,1.000000,0.000000,0.130505,0.000000,0.004625,1.000000;;
      }

      Frame Bip01_Head {
       

       FrameTransformMatrix {
        0.995169,-0.073769,-0.064784,0.000000,0.061793,0.983405,-0.170578,0.000000,0.076292,0.165751,0.983212,0.000000,0.033674,-0.000000,0.000000,1.000000;;
       }

       Frame Bip01_HeadNub {
        

        FrameTransformMatrix {
         1.000000,0.000000,0.000000,0.000000,0.000000,1.000000,-0.000000,0.000000,0.000000,0.000000,1.000000,0.000000,0.169824,0.000000,0.000000,1.000000;;
        }
       }
      }

      Frame Bip01_L_Clavicle {
       

       FrameTransformMatrix {
        -0.192084,0.981378,0.000150,0.000000,0.981378,0.192084,-0.000782,0.000000,-0.000796,-0.000003,-1.000000,0.000000,-0.024025,0.015714,-0.004625,1.000000;;
       }

       Frame Bip01_L_UpperArm {
        

        FrameTransformMatrix {
         0.836070,-0.463758,-0.293112,0.000000,0.500322,0.863720,0.060545,0.000000,0.225089,-0.197270,0.954159,0.000000,0.087086,0.000000,0.000000,1.000000;;
        }

        Frame Bip01_L_Forearm {
         

         FrameTransformMatrix {
          0.290531,0.000000,-0.956866,0.000000,-0.000000,1.000000,0.000000,0.000000,0.956866,0.000000,0.290531,0.000000,0.137062,0.000000,0.000000,1.000000;;
         }

         Frame Bip01_L_Hand {
          

          FrameTransformMatrix {
           0.959615,-0.149469,-0.238323,0.000000,0.183094,-0.311337,0.932494,0.000000,-0.213578,-0.938471,-0.271397,0.000000,0.137062,0.000000,-0.000000,1.000000;;
          }

          Frame Bip01_L_Finger0 {
           

           FrameTransformMatrix {
            0.690342,-0.181727,0.700288,0.000000,0.558537,0.749101,-0.356210,0.000000,-0.459853,0.637043,0.618637,0.000000,0.057681,-0.023605,-0.000272,1.000000;;
           }

           Frame Bip01_L_Finger0Nub {
            

            FrameTransformMatrix {
             1.000000,0.000000,0.000000,0.000000,0.000000,1.000000,-0.000000,0.000000,0.000000,0.000000,1.000000,0.000000,0.029435,0.000000,0.000000,1.000000;;
            }
           }
          }

          Frame Bip01_L_Finger1 {
           

           FrameTransformMatrix {
            0.728079,-0.000546,0.685493,0.000000,0.000000,1.000000,0.000796,0.000000,-0.685493,-0.000580,0.728079,0.000000,0.084102,0.000000,0.000000,1.000000;;
           }

           Frame Bip01_L_Finger1Nub {
            

            FrameTransformMatrix {
             1.000000,-0.000000,-0.000000,0.000000,-0.000000,1.000000,0.000000,0.000000,-0.000000,-0.000000,1.000000,0.000000,0.047988,-0.000000,0.000000,1.000000;;
            }
           }
          }
         }
        }
       }
      }

      Frame Bip01_R_Clavicle {
       

       FrameTransformMatrix {
        -0.051199,-0.983524,-0.173378,0.000000,-0.998688,0.050285,0.009662,0.000000,-0.000784,0.173645,-0.984808,0.000000,-0.024025,-0.015715,-0.004625,1.000000;;
       }

       Frame Bip01_R_UpperArm {
        

        FrameTransformMatrix {
         0.315277,0.806282,-0.500510,0.000000,-0.537223,0.586399,0.606241,0.000000,0.782299,0.077752,0.618031,0.000000,0.087086,0.000000,-0.000000,1.000000;;
        }

        Frame Bip01_R_Forearm {
         

         FrameTransformMatrix {
          -0.174952,-0.000000,-0.984577,0.000000,0.000000,1.000000,0.000000,0.000000,0.984577,0.000000,-0.174952,0.000000,0.137062,0.000000,0.000000,1.000000;;
         }

         Frame Bip01_R_Hand {
          

          FrameTransformMatrix {
           0.967928,0.233011,-0.093922,0.000000,-0.025715,-0.280000,-0.959656,0.000000,-0.249909,0.931293,-0.265028,0.000000,0.137062,0.000000,0.000000,1.000000;;
          }

          Frame Bip01_R_Finger0 {
           

           FrameTransformMatrix {
            0.417774,-0.116941,0.900994,0.000000,-0.558537,0.749101,0.356210,0.000000,-0.716591,-0.652054,0.247639,0.000000,0.057681,0.023605,-0.000272,1.000000;;
           }

           Frame Bip01_R_Finger0Nub {
            

            FrameTransformMatrix {
             -1.000000,0.000000,-0.000000,0.000000,0.000000,1.000000,0.000000,0.000000,-0.000000,0.000000,-1.000000,0.000000,0.029435,0.000000,0.000000,1.000000;;
            }
           }
          }

          Frame Bip01_R_Finger1 {
           

           FrameTransformMatrix {
            0.352436,0.000745,0.935835,0.000000,-0.000000,1.000000,-0.000796,0.000000,-0.935836,0.000281,0.352436,0.000000,0.084102,0.000000,0.000000,1.000000;;
           }

           Frame Bip01_R_Finger1Nub {
            

            FrameTransformMatrix {
             -1.000000,0.000000,0.000000,0.000000,0.000000,1.000000,0.000000,0.000000,-0.000000,-0.000000,-1.000000,0.000000,0.047988,0.000000,0.000000,1.000000;;
            }
           }
          }
         }
        }
       }
      }
     }

     Frame Bip01_BackPack {
      

      FrameTransformMatrix {
       0.190104,-0.000002,-0.981764,0.000000,0.000003,1.000000,-0.000002,0.000000,0.981764,-0.000002,0.190104,0.000000,0.063697,-0.000000,-0.088856,1.000000;;
      }

      Frame Bip01_BackPackNub {
       

       FrameTransformMatrix {
        0.000796,0.000003,1.000000,0.000000,0.000000,-1.000000,0.000003,0.000000,1.000000,-0.000000,-0.000796,0.000000,0.053240,-0.000000,-0.000000,1.000000;;
       }
      }
     }
    }

    Frame Bip01_L_Thigh {
     

     FrameTransformMatrix {
      -0.806148,-0.082155,0.585983,0.000000,-0.151025,-0.928947,-0.338007,0.000000,0.572116,-0.360981,0.736461,0.000000,-0.043506,0.058888,0.018933,1.000000;;
     }

     Frame Bip01_L_Calf {
      

      FrameTransformMatrix {
       0.911741,-0.000000,-0.410765,0.000000,-0.000000,1.000000,0.000000,0.000000,0.410765,-0.000000,0.911741,0.000000,0.237500,0.000000,-0.000000,1.000000;;
      }

      Frame Bip01_L_Foot {
       

       FrameTransformMatrix {
        0.958666,0.055209,0.279126,0.000000,-0.048239,0.998330,-0.031785,0.000000,-0.280414,0.017006,0.959729,0.000000,0.206841,0.000000,-0.000000,1.000000;;
       }

       Frame Bip01_L_Toe0 {
        

        FrameTransformMatrix {
         -0.000000,0.000001,1.000000,0.000000,0.000000,1.000000,-0.000001,0.000000,-1.000000,0.000000,-0.000000,0.000000,0.065373,0.000000,0.066450,1.000000;;
        }

        Frame Bip01_L_Toe0Nub {
         

         FrameTransformMatrix {
          -1.000000,-0.000000,-0.000000,0.000000,-0.000000,1.000000,0.000000,0.000000,0.000000,-0.000000,-1.000000,0.000000,0.006735,0.000000,0.000000,1.000000;;
         }
        }
       }
      }
     }
    }

    Frame Bip01_R_Thigh {
     

     FrameTransformMatrix {
      -0.977673,0.184620,0.100352,0.000000,-0.208496,-0.911769,-0.353846,0.000000,0.026171,-0.366869,0.929904,0.000000,-0.058677,-0.043975,-0.018328,1.000000;;
     }

     Frame Bip01_R_Calf {
      

      FrameTransformMatrix {
       0.750557,0.000000,-0.660805,0.000000,0.000000,1.000000,-0.000000,0.000000,0.660805,-0.000000,0.750557,0.000000,0.237500,-0.000000,-0.000000,1.000000;;
      }

      Frame Bip01_R_Foot {
       

       FrameTransformMatrix {
        0.995636,0.007899,-0.092981,0.000000,-0.017090,0.994993,-0.098471,0.000000,0.091738,0.099630,0.990786,0.000000,0.206841,0.000000,0.000000,1.000000;;
       }

       Frame Bip01_R_Toe0 {
        

        FrameTransformMatrix {
         0.000001,-0.000000,1.000000,0.000000,0.000001,1.000000,-0.000000,0.000000,-1.000000,0.000001,0.000001,0.000000,0.065373,0.000000,0.066450,1.000000;;
        }

        Frame Bip01_R_Toe0Nub {
         

         FrameTransformMatrix {
          1.000000,0.000000,0.000000,0.000000,-0.000000,1.000000,0.000000,0.000000,-0.000000,0.000000,1.000000,0.000000,0.006735,0.000000,0.000000,1.000000;;
         }
        }
       }
      }
     }
    }
   }

   Frame Bip01_DressFront {
    

    FrameTransformMatrix {
     -0.880184,-0.088339,0.466339,0.000000,0.121847,0.907542,0.401896,0.000000,-0.458725,0.410564,-0.788041,0.000000,-0.043935,0.001339,0.061057,1.000000;;
    }

    Frame Bip01_DressFront02 {
     

     FrameTransformMatrix {
      0.912593,0.000001,0.408870,0.000000,-0.000001,1.000000,-0.000000,0.000000,-0.408870,-0.000000,0.912593,0.000000,0.183378,0.000000,-0.000120,1.000000;;
     }

     Frame Bip01_DressFrontNub {
      

      FrameTransformMatrix {
       0.000796,0.000003,1.000000,0.000000,-0.000000,-1.000000,0.000003,0.000000,1.000000,0.000000,-0.000796,0.000000,0.165302,0.000000,-0.000000,1.000000;;
      }
     }
    }
   }

   Frame Bip01_DressBack {
    

    FrameTransformMatrix {
     -0.947875,0.129405,0.291184,0.000000,0.280391,0.772855,0.569277,0.000000,-0.151376,0.621248,-0.768854,0.000000,-0.047711,-0.000087,-0.078312,1.000000;;
    }

    Frame Bip01_DressBack02 {
     

     FrameTransformMatrix {
      0.936852,0.174932,-0.302833,0.000000,-0.166408,0.984581,0.053939,0.000000,0.307600,-0.000139,0.951516,0.000000,0.176125,0.000000,-0.000103,1.000000;;
     }

     Frame Bip01_DressBackNub {
      

      FrameTransformMatrix {
       0.000796,0.000003,1.000000,0.000000,0.000000,-1.000000,0.000003,0.000000,1.000000,0.000000,-0.000796,0.000000,0.136508,0.000000,-0.000000,1.000000;;
      }
     }
    }
   }
  }

  Frame Bip01_Prop1 {
   

   FrameTransformMatrix {
    0.466228,-0.725899,0.505670,0.000000,0.655308,0.667368,0.353825,0.000000,-0.594309,0.166406,0.786833,0.000000,0.138125,0.113349,0.040357,1.000000;;
   }
  }

  Frame Bip01_Prop2 {
   

   FrameTransformMatrix {
    0.360690,-0.328598,-0.872884,0.000000,0.932498,0.145813,0.330432,0.000000,0.018698,-0.933146,0.359010,0.000000,0.046846,0.119650,0.279290,1.000000;;
   }
  }
 }
}

Frame Translation_Data {
 

 FrameTransformMatrix {
  1.000000,0.000000,0.000000,0.000000,0.000000,-0.000000,-1.000000,0.000000,0.000000,1.000000,-0.000000,0.000000,0.000000,-0.000000,0.000000,1.000000;;
 }
}

Frame Body {
 

 FrameTransformMatrix {
  1.000000,0.000000,0.000000,0.000000,0.000000,1.000000,0.000000,0.000000,0.000000,0.000000,1.000000,0.000000,0.000000,0.000000,0.000000,1.000000;;
 }

 Mesh Body {
  617;
  0.094980;0.739354;0.048245;,
  0.058189;0.768067;0.033027;,
  0.066957;0.736006;0.025728;,
  0.101067;0.718491;0.052456;,
  0.105329;0.704849;0.056683;,
  0.077961;0.702010;0.019254;,
  0.085430;0.667946;0.022601;,
  0.099398;0.672502;0.068307;,
  0.040709;0.793638;0.061990;,
  0.071708;0.769246;0.084705;,
  0.061819;0.769913;0.112646;,
  0.034770;0.778435;0.098576;,
  0.069664;0.546723;0.100756;,
  0.026377;0.545505;0.121902;,
  0.023394;0.555943;0.116222;,
  0.059700;0.554854;0.099712;,
  0.063065;0.546920;0.044709;,
  0.074056;0.524949;0.063659;,
  0.040422;0.537732;0.011380;,
  0.034425;0.485569;0.027024;,
  0.062039;0.498453;0.038160;,
  0.046826;0.706438;-0.007135;,
  0.044673;0.669732;-0.013388;,
  -0.015470;0.540648;0.118771;,
  -0.018566;0.553968;0.109782;,
  0.015405;0.648465;0.126671;,
  -0.030818;0.653935;0.103490;,
  -0.031003;0.693331;0.103149;,
  0.018762;0.690248;0.130852;,
  0.050254;0.469253;0.016761;,
  0.059446;0.387876;-0.034034;,
  0.095701;0.372902;-0.007261;,
  0.082473;0.455783;0.051687;,
  0.063014;0.301281;-0.081470;,
  0.089019;0.284779;-0.038914;,
  0.000361;0.465035;0.028488;,
  -0.003743;0.440562;0.140524;,
  0.012462;0.339983;0.052074;,
  0.010418;0.375475;-0.015063;,
  0.032950;0.273097;-0.006147;,
  0.032718;0.284876;-0.046310;,
  0.073793;0.422550;0.102093;,
  0.092313;0.343557;0.050383;,
  0.073523;0.275667;-0.002737;,
  0.085024;0.009796;-0.070942;,
  0.040343;0.011689;-0.075946;,
  0.043194;-0.005459;-0.030327;,
  0.078019;-0.006009;-0.028922;,
  0.063679;0.235610;-0.068065;,
  0.063319;0.161834;-0.074986;,
  0.090475;0.156353;-0.044768;,
  0.093010;0.230674;-0.037563;,
  0.064875;0.083690;-0.080308;,
  0.082910;0.076929;-0.051255;,
  0.020960;0.214448;-0.049853;,
  0.018424;0.222662;0.005218;,
  0.026379;0.159134;-0.010262;,
  0.032101;0.156108;-0.052597;,
  0.048633;0.082502;-0.028539;,
  0.046689;0.070822;-0.058935;,
  0.090054;0.230090;0.011786;,
  0.088335;0.157794;-0.006309;,
  0.072689;0.087226;-0.026102;,
  0.079685;0.497431;0.074046;,
  -0.005406;0.475434;0.013096;,
  -0.006627;0.443726;0.032573;,
  0.000361;0.465035;0.028488;,
  0.076675;0.501245;0.128452;,
  0.024741;0.503193;0.147971;,
  0.072425;0.441375;0.118363;,
  0.025096;0.446050;0.139359;,
  0.013707;0.600774;0.119707;,
  0.051017;0.642090;0.127753;,
  0.069987;0.643875;0.118679;,
  0.091625;0.640630;0.069342;,
  0.068222;0.592813;0.062858;,
  0.052971;0.596032;0.111144;,
  0.079861;0.636425;0.021445;,
  0.060057;0.586838;0.027107;,
  0.034905;0.641268;-0.013095;,
  0.018312;0.584802;0.001746;,
  0.146705;0.723518;0.078100;,
  0.106196;0.694872;0.057264;,
  0.181945;0.692218;0.096631;,
  0.146695;0.650858;0.071397;,
  0.174090;0.622224;0.096816;,
  0.204115;0.654627;0.116920;,
  0.084140;0.678784;0.111731;,
  0.115411;0.642236;0.128951;,
  0.146695;0.650858;0.071397;,
  0.164816;0.601984;0.138660;,
  0.174090;0.622224;0.096816;,
  0.084957;0.684146;0.121681;,
  0.115597;0.713914;0.135447;,
  0.150495;0.683875;0.154231;,
  0.194905;0.634131;0.158710;,
  0.136916;0.725420;0.106327;,
  0.210231;0.663267;0.102576;,
  0.175296;0.625410;0.077144;,
  0.221386;0.617716;0.038433;,
  0.241762;0.642490;0.056279;,
  0.251489;0.609878;0.014567;,
  0.271154;0.623397;0.020413;,
  0.175296;0.625410;0.077144;,
  0.194146;0.580292;0.117157;,
  0.244605;0.582358;0.076964;,
  0.221386;0.617716;0.038433;,
  0.269170;0.582850;0.036036;,
  0.251489;0.609878;0.014567;,
  0.228801;0.618017;0.142460;,
  0.259901;0.601671;0.090643;,
  0.284335;0.595325;0.041651;,
  0.285798;0.599675;-0.100522;,
  0.271790;0.601703;-0.083683;,
  0.283206;0.563887;-0.056146;,
  0.296880;0.562376;-0.072935;,
  0.263549;0.617418;-0.061620;,
  0.271014;0.610222;-0.065899;,
  0.279439;0.617228;-0.066905;,
  0.268571;0.627264;-0.065354;,
  0.267236;0.571561;-0.003360;,
  0.290662;0.568403;-0.032293;,
  0.280976;0.620110;-0.036518;,
  0.253124;0.617569;-0.015863;,
  0.300760;0.583489;0.009497;,
  0.309912;0.573394;-0.033918;,
  0.286553;0.632049;-0.002427;,
  0.300624;0.623275;-0.037187;,
  0.096637;0.761111;0.104092;,
  0.117545;0.756808;0.083204;,
  0.071708;0.769246;0.084705;,
  0.086139;0.762083;0.063734;,
  0.059050;0.688328;0.136585;,
  0.062265;0.782115;0.047392;,
  0.120695;0.738011;0.064293;,
  0.094980;0.739354;0.048245;,
  0.101067;0.718491;0.052456;,
  0.115424;0.715513;0.065598;,
  0.068594;0.727648;0.131439;,
  0.025103;0.728481;0.124029;,
  0.073487;0.730732;0.129469;,
  -0.024338;0.728301;0.093470;,
  -0.000572;0.776716;0.067050;,
  0.061819;0.769913;0.112646;,
  0.073487;0.730732;0.129469;,
  0.087651;0.701819;0.080743;,
  0.077664;0.719837;0.122495;,
  0.106196;0.694872;0.057264;,
  0.077533;0.679911;0.111583;,
  0.089808;0.671701;0.079583;,
  0.105329;0.704849;0.056683;,
  0.073878;0.684842;0.127391;,
  0.253124;0.617569;-0.015863;,
  0.035949;0.815659;0.061098;,
  0.056320;0.811596;0.050931;,
  0.015154;0.798627;0.048378;,
  0.010930;0.819332;0.050696;,
  0.300624;0.623275;-0.037187;,
  0.285798;0.599675;-0.100522;,
  0.296880;0.562376;-0.072935;,
  0.257464;0.619870;-0.042774;,
  0.275043;0.637620;-0.049622;,
  0.257464;0.619870;-0.042774;,
  0.272176;0.610872;-0.047181;,
  0.292404;0.624638;-0.044519;,
  0.292404;0.624638;-0.044519;,
  0.263549;0.617418;-0.061620;,
  0.268571;0.627264;-0.065354;,
  0.279439;0.617228;-0.066905;,
  0.095171;0.056824;-0.134952;,
  0.065548;0.067649;-0.172614;,
  0.067236;0.052748;-0.185821;,
  0.101092;0.038995;-0.149022;,
  0.039994;0.029621;-0.028765;,
  0.043194;-0.005459;-0.030327;,
  0.040343;0.011689;-0.075946;,
  0.039103;0.035979;-0.069651;,
  0.048633;0.082502;-0.028539;,
  0.072689;0.087226;-0.026102;,
  0.081507;0.031897;-0.026222;,
  0.085024;0.009796;-0.070942;,
  0.078019;-0.006009;-0.028922;,
  0.086298;0.043377;-0.060975;,
  0.064875;0.083690;-0.080308;,
  0.082910;0.076929;-0.051255;,
  0.031809;0.049729;-0.177704;,
  0.037559;0.061645;-0.165207;,
  0.101092;0.038995;-0.149022;,
  0.031809;0.049729;-0.177704;,
  0.010418;0.375475;-0.015063;,
  0.032718;0.284876;-0.046310;,
  0.020960;0.214448;-0.049853;,
  0.032101;0.156108;-0.052597;,
  0.046689;0.070822;-0.058935;,
  0.046689;0.070822;-0.058935;,
  -0.011026;0.439726;0.084230;,
  0.075143;0.817216;0.045746;,
  0.082598;0.812293;0.026234;,
  0.074944;0.805602;0.021472;,
  0.061103;0.806956;0.032775;,
  0.053560;0.837455;0.055874;,
  0.033699;0.848307;0.064259;,
  0.068084;0.953868;0.011076;,
  0.054216;0.958016;-0.003027;,
  0.073055;0.944065;-0.021510;,
  0.109551;0.884901;-0.008226;,
  0.101945;0.913581;-0.006687;,
  0.102185;0.883053;-0.024810;,
  0.077015;0.845152;0.050539;,
  0.089687;0.832438;0.026815;,
  0.068082;0.828996;0.050245;,
  0.066578;0.881139;0.061486;,
  0.082990;0.889748;0.045405;,
  0.087665;0.926022;0.038554;,
  0.100105;0.921789;0.013908;,
  0.098591;0.883599;0.023928;,
  0.031664;0.895112;0.077055;,
  0.053445;0.885894;0.070830;,
  -0.003898;0.895898;0.057295;,
  0.006683;0.942498;0.045203;,
  0.037119;0.940647;0.061270;,
  0.097534;0.861051;0.026369;,
  0.103587;0.854151;0.000043;,
  0.092530;0.821752;0.011031;,
  0.089776;0.796161;-0.006011;,
  0.082475;0.791662;-0.026184;,
  0.067577;0.790974;-0.011199;,
  0.093126;0.933356;-0.004817;,
  0.081445;0.944063;0.025864;,
  0.061084;0.937116;0.058781;,
  0.058199;0.953581;0.041975;,
  0.027869;0.961103;0.023339;,
  0.041654;0.959101;0.033988;,
  0.003223;0.856803;0.051371;,
  0.061084;0.937116;0.058781;,
  0.058199;0.953581;0.041975;,
  0.081972;0.847944;0.054343;,
  0.077553;0.876498;0.072890;,
  0.080291;0.894825;0.062392;,
  0.078293;0.875772;0.054912;,
  0.077553;0.876498;0.072890;,
  0.081972;0.847944;0.054343;,
  0.080291;0.894825;0.062392;,
  0.082990;0.889748;0.045405;,
  0.087389;0.865141;0.042477;,
  0.077015;0.845152;0.050539;,
  0.104027;0.876350;-0.001506;,
  0.087389;0.865141;0.042477;,
  0.062265;0.782115;0.047392;,
  0.056320;0.811596;0.050931;,
  0.086139;0.762083;0.063734;,
  0.053560;0.837455;0.055874;,
  0.044717;0.756722;0.002241;,
  0.044442;0.732613;-0.000488;,
  -0.001511;0.535106;0.001429;,
  -0.017105;0.499949;0.144569;,
  -0.016840;0.465753;0.147247;,
  -0.016703;0.424730;0.118845;,
  0.053816;0.792879;-0.001509;,
  -0.011026;0.439726;0.084230;,
  0.041654;0.959101;0.033988;,
  0.027869;0.961103;0.023339;,
  0.094737;0.827356;-0.011100;,
  0.094853;0.849485;-0.022595;,
  0.094929;0.839842;-0.022097;,
  0.081471;0.933918;-0.029645;,
  0.090168;0.911395;-0.037673;,
  0.093973;0.874617;-0.019252;,
  -0.029219;0.603543;0.100745;,
  0.086139;0.762083;0.063734;,
  0.067236;0.052748;-0.185821;,
  0.093994;0.820786;-0.010991;,
  0.093422;0.818200;-0.021203;,
  0.090857;0.823189;-0.019046;,
  0.096187;0.846325;-0.041674;,
  0.089385;0.838310;-0.034590;,
  0.094161;0.826849;-0.022837;,
  0.082959;0.823204;-0.027661;,
  0.086917;0.816144;-0.031415;,
  0.094819;0.881205;-0.041395;,
  0.091865;0.872033;-0.038140;,
  0.077664;0.719837;0.122495;,
  0.088706;0.826478;-0.033537;,
  0.075079;0.706787;0.091418;,
  0.087651;0.701819;0.080743;,
  0.105329;0.704849;0.056683;,
  0.053445;0.885894;0.070830;,
  0.063679;0.235610;-0.068065;,
  0.022201;0.229963;-0.065445;,
  0.037234;0.154017;-0.065849;,
  0.063319;0.161834;-0.074986;,
  0.063014;0.301281;-0.081470;,
  0.020509;0.290754;-0.071745;,
  0.059446;0.387876;-0.034034;,
  0.008257;0.374700;-0.029282;,
  0.050254;0.469253;0.016761;,
  0.004218;0.456810;0.004284;,
  0.034425;0.485570;0.027024;,
  0.042068;0.082156;-0.070061;,
  0.064875;0.083690;-0.080308;,
  0.032184;0.151168;0.016647;,
  0.037185;0.082590;0.005316;,
  0.039435;0.109878;0.091402;,
  0.030427;0.173774;0.103711;,
  0.019508;0.234445;0.110324;,
  0.021773;0.219135;0.019022;,
  0.016377;0.286522;0.130758;,
  0.023712;0.262597;0.021304;,
  0.010376;0.333545;0.065420;,
  -0.003216;0.362984;0.128955;,
  -0.012915;0.438500;0.148321;,
  0.075079;0.706787;0.091418;,
  -0.020768;0.756207;-0.029575;,
  -0.030119;0.736351;-0.036926;,
  0.013297;0.741037;-0.013321;,
  0.012930;0.772311;0.000091;,
  -0.031733;0.718718;-0.041022;,
  -0.050452;0.686132;-0.031911;,
  -0.003850;0.676066;-0.037108;,
  0.011976;0.708197;-0.028764;,
  -0.006109;0.798028;0.027919;,
  -0.040794;0.785519;0.043586;,
  -0.063811;0.783650;0.022274;,
  -0.040312;0.786423;0.008045;,
  -0.096400;0.544314;0.086429;,
  -0.089866;0.555340;0.075936;,
  -0.060433;0.556215;0.102896;,
  -0.057356;0.544291;0.114678;,
  -0.076158;0.547374;0.022577;,
  -0.093746;0.522515;0.049182;,
  -0.044430;0.538009;-0.002109;,
  -0.076864;0.494665;0.025281;,
  -0.047309;0.484384;0.019972;,
  -0.018566;0.553968;0.109782;,
  -0.015470;0.540648;0.118771;,
  -0.073347;0.656238;0.073612;,
  -0.075449;0.698817;0.067846;,
  -0.031003;0.693331;0.103149;,
  -0.030818;0.653935;0.103490;,
  -0.060066;0.444638;0.021663;,
  -0.096828;0.444404;0.056366;,
  -0.093736;0.343035;0.057446;,
  -0.054449;0.346408;0.030978;,
  -0.075781;0.254105;0.081050;,
  -0.043654;0.243595;0.042561;,
  -0.012422;0.453053;0.045604;,
  -0.008761;0.353899;0.058797;,
  -0.020105;0.360658;0.133610;,
  -0.027861;0.440212;0.138443;,
  -0.019160;0.258343;0.081147;,
  -0.025790;0.274782;0.117405;,
  -0.098499;0.350552;0.121603;,
  -0.095036;0.434486;0.117119;,
  -0.066398;0.272436;0.114276;,
  -0.061336;0.079655;0.291668;,
  -0.056627;0.115227;0.319544;,
  -0.021770;0.115451;0.319690;,
  -0.016441;0.077250;0.289764;,
  -0.043728;0.205452;0.102888;,
  -0.077902;0.220747;0.123217;,
  -0.071303;0.169069;0.176770;,
  -0.039338;0.153974;0.156008;,
  -0.059447;0.116613;0.234628;,
  -0.037732;0.098125;0.215081;,
  -0.004259;0.213081;0.134327;,
  -0.012511;0.172569;0.177058;,
  -0.014688;0.207639;0.201543;,
  -0.012075;0.260575;0.162432;,
  -0.022535;0.110981;0.238273;,
  -0.028822;0.142913;0.244069;,
  -0.076237;0.199604;0.199770;,
  -0.083935;0.258437;0.154641;,
  -0.052974;0.144332;0.239646;,
  -0.100275;0.494820;0.058520;,
  -0.012422;0.453053;0.045604;,
  -0.058992;0.501978;0.140746;,
  -0.106738;0.498584;0.112627;,
  -0.055349;0.457587;0.143384;,
  -0.097987;0.448615;0.119062;,
  -0.070195;0.606986;0.077968;,
  -0.091733;0.654592;0.042412;,
  -0.092346;0.658092;0.021631;,
  -0.087459;0.606429;0.041283;,
  -0.058747;0.602214;-0.000307;,
  -0.059670;0.653881;-0.021109;,
  -0.026378;0.593238;-0.015893;,
  -0.012884;0.644548;-0.034001;,
  -0.045202;0.741246;-0.054693;,
  -0.058395;0.701369;-0.082990;,
  -0.035103;0.725173;-0.004341;,
  -0.081756;0.660288;-0.096130;,
  -0.071357;0.638027;-0.054332;,
  -0.043843;0.671562;-0.033092;,
  -0.093914;0.716652;0.009092;,
  -0.043843;0.671562;-0.033092;,
  -0.107006;0.672868;-0.013749;,
  -0.071357;0.638027;-0.054332;,
  -0.105236;0.617151;-0.053428;,
  -0.103084;0.721661;0.004706;,
  -0.121617;0.702990;-0.063578;,
  -0.108198;0.741559;-0.035199;,
  -0.115505;0.639114;-0.095236;,
  -0.074617;0.746171;-0.052109;,
  -0.070353;0.678349;-0.093752;,
  -0.010985;0.672074;-0.096062;,
  0.000348;0.656479;-0.064825;,
  -0.056425;0.654194;-0.043524;,
  0.038368;0.664094;-0.101457;,
  0.037633;0.655180;-0.078632;,
  -0.056425;0.654194;-0.043524;,
  0.000348;0.656479;-0.064825;,
  -0.011194;0.608463;-0.093725;,
  -0.069310;0.597195;-0.066749;,
  0.037633;0.655180;-0.078632;,
  0.033415;0.621060;-0.097394;,
  -0.020123;0.620745;-0.117463;,
  -0.083158;0.621382;-0.116609;,
  0.034052;0.629507;-0.115781;,
  0.140349;0.658685;-0.045048;,
  0.128411;0.617575;-0.066084;,
  0.107507;0.620128;-0.071344;,
  0.119203;0.661802;-0.050246;,
  0.101144;0.664551;-0.055088;,
  0.108502;0.673597;-0.055453;,
  0.115776;0.663121;-0.063107;,
  0.108413;0.656591;-0.058187;,
  0.065544;0.619134;-0.076214;,
  0.065240;0.668198;-0.068166;,
  0.096161;0.670602;-0.083882;,
  0.102232;0.618182;-0.083209;,
  0.112172;0.620610;-0.100338;,
  0.068760;0.623561;-0.113651;,
  0.067647;0.675010;-0.106317;,
  0.105634;0.671021;-0.101392;,
  -0.066121;0.790467;-0.000623;,
  -0.057424;0.788132;-0.029128;,
  -0.026393;0.779453;-0.011339;,
  -0.040312;0.786423;0.008045;,
  -0.096012;0.702432;0.032883;,
  -0.000172;0.787968;0.001955;,
  -0.046952;0.767358;-0.043448;,
  -0.048998;0.744868;-0.034591;,
  -0.030119;0.736351;-0.036926;,
  -0.020768;0.756207;-0.029575;,
  -0.090811;0.745384;0.017976;,
  -0.090155;0.749073;0.012966;,
  -0.068063;0.737216;0.056229;,
  -0.024338;0.728301;0.093470;,
  -0.000572;0.776716;0.067050;,
  -0.063811;0.783650;0.022274;,
  -0.090155;0.749073;0.012966;,
  -0.051739;0.718030;-0.016647;,
  -0.035103;0.725173;-0.004341;,
  -0.086084;0.739591;0.008028;,
  -0.057342;0.685085;-0.018829;,
  -0.081064;0.694336;0.005515;,
  -0.031733;0.718718;-0.041022;,
  -0.093565;0.700072;0.015408;,
  0.065240;0.668198;-0.068166;,
  0.002653;0.813821;0.005863;,
  -0.003754;0.817305;0.027756;,
  0.010930;0.819332;0.050696;,
  0.015154;0.798627;0.048378;,
  0.105634;0.671021;-0.101392;,
  0.140349;0.658685;-0.045048;,
  0.128411;0.617575;-0.066084;,
  0.102914;0.685926;-0.070060;,
  0.083740;0.669892;-0.063262;,
  0.083740;0.669892;-0.063262;,
  0.095824;0.659914;-0.071700;,
  0.109464;0.673308;-0.087201;,
  0.109464;0.673308;-0.087201;,
  0.108502;0.673597;-0.055453;,
  0.101144;0.664551;-0.055088;,
  0.115776;0.663121;-0.063107;,
  -0.067577;0.032389;0.227334;,
  -0.073137;0.013384;0.239937;,
  -0.037322;-0.016187;0.216861;,
  -0.036001;0.000945;0.206660;,
  -0.018024;0.127614;0.286807;,
  -0.015069;0.090600;0.268526;,
  -0.016441;0.077250;0.289764;,
  -0.021770;0.115451;0.319690;,
  -0.028822;0.142913;0.244069;,
  -0.059564;0.129054;0.284097;,
  -0.052974;0.144332;0.239646;,
  -0.061336;0.079655;0.291668;,
  -0.062486;0.099196;0.262592;,
  -0.056627;0.115227;0.319544;,
  -0.037732;0.098125;0.215081;,
  -0.059447;0.116613;0.234628;,
  -0.008509;0.007322;0.215481;,
  -0.002383;-0.007937;0.223281;,
  -0.002383;-0.007937;0.223281;,
  -0.073137;0.013384;0.239937;,
  -0.008761;0.353899;0.058797;,
  -0.019160;0.258343;0.081147;,
  -0.004259;0.213081;0.134327;,
  -0.012511;0.172569;0.177058;,
  -0.022535;0.110981;0.238273;,
  -0.022535;0.110981;0.238273;,
  0.009807;0.815172;-0.019303;,
  0.019531;0.808679;-0.002136;,
  0.034434;0.804334;-0.018859;,
  0.029435;0.810630;-0.026696;,
  -0.000867;0.835753;0.001686;,
  -0.009511;0.846955;0.021239;,
  0.040197;0.952995;-0.016689;,
  0.054216;0.958016;-0.003027;,
  0.061492;0.883398;-0.056074;,
  0.078155;0.882301;-0.048735;,
  0.059083;0.912240;-0.049361;,
  0.028194;0.830516;-0.034409;,
  0.004132;0.842873;-0.022024;,
  0.004968;0.827022;-0.012592;,
  -0.007899;0.878809;-0.012664;,
  0.007839;0.887396;-0.029416;,
  0.029439;0.881436;-0.044922;,
  0.038248;0.919854;-0.047678;,
  0.013530;0.923703;-0.035256;,
  -0.017336;0.883679;0.000359;,
  -0.023763;0.893379;0.021872;,
  -0.003898;0.895898;0.057295;,
  -0.009437;0.939190;0.014918;,
  0.006683;0.942498;0.045203;,
  0.027710;0.858867;-0.043149;,
  0.044294;0.820243;-0.036993;,
  0.054217;0.852607;-0.049111;,
  0.062142;0.795296;-0.033523;,
  0.056627;0.932215;-0.041155;,
  0.025671;0.942318;-0.029665;,
  0.009360;0.952053;-0.006649;,
  -0.006932;0.934988;-0.008937;,
  0.017235;0.958337;0.009676;,
  0.027869;0.961103;0.023339;,
  0.003223;0.856803;0.051371;,
  -0.006932;0.934988;-0.008937;,
  0.009360;0.952053;-0.006649;,
  0.000223;0.845387;-0.027048;,
  -0.001205;0.873285;-0.024237;,
  -0.009288;0.892022;-0.026793;,
  -0.019194;0.873472;-0.023433;,
  0.000223;0.845387;-0.027048;,
  -0.019194;0.873472;-0.023433;,
  -0.009288;0.892022;-0.026793;,
  0.007839;0.887396;-0.029416;,
  0.011522;0.862768;-0.033058;,
  0.004132;0.842873;-0.022024;,
  0.055066;0.874819;-0.050253;,
  0.011522;0.862768;-0.033058;,
  0.002653;0.813821;0.005863;,
  -0.000172;0.787968;0.001955;,
  -0.026393;0.779453;-0.011339;,
  -0.000867;0.835753;0.001686;,
  -0.017105;0.499949;0.144569;,
  -0.016840;0.465753;0.147247;,
  -0.016703;0.424730;0.118845;,
  -0.011026;0.439726;0.084230;,
  0.017235;0.958337;0.009676;,
  0.027869;0.961103;0.023339;,
  0.066230;0.826464;-0.039482;,
  0.076828;0.839276;-0.040118;,
  0.077024;0.848926;-0.040346;,
  0.072897;0.873957;-0.040236;,
  -0.029219;0.603543;0.100745;,
  -0.026393;0.779453;-0.011339;,
  -0.037322;-0.016187;0.216861;,
  0.076620;0.817674;-0.037930;,
  0.066330;0.819921;-0.038534;,
  0.074318;0.822672;-0.035513;,
  0.077979;0.826343;-0.038948;,
  -0.086084;0.739591;0.008028;,
  -0.057650;0.722913;-0.000349;,
  -0.051739;0.718030;-0.016647;,
  -0.031733;0.718718;-0.041022;,
  -0.017336;0.883679;0.000359;,
  -0.011058;0.203833;0.033966;,
  -0.012562;0.138341;0.068171;,
  0.007097;0.145117;-0.014248;,
  0.001734;0.219031;-0.023574;,
  -0.018658;0.257001;0.009878;,
  -0.002784;0.273083;-0.032016;,
  -0.011367;0.350844;0.015360;,
  -0.002330;0.355503;-0.007991;,
  -0.010910;0.438055;0.016619;,
  -0.002811;0.437583;0.011093;,
  -0.005406;0.475434;0.013096;,
  -0.047309;0.484384;0.019972;,
  -0.008752;0.075322;0.095657;,
  0.010963;0.081593;-0.009875;,
  -0.006804;0.156572;0.256268;,
  -0.052960;0.144335;0.239647;,
  -0.076237;0.199604;0.199770;,
  -0.013636;0.211270;0.211349;,
  -0.083935;0.258437;0.154641;,
  -0.021387;0.266738;0.175698;,
  -0.021482;0.288556;0.147363;,
  -0.066398;0.272436;0.114276;,
  -0.098499;0.350552;0.121603;,
  -0.019870;0.362364;0.151031;,
  -0.016840;0.465753;0.147247;,
  -0.055349;0.457587;0.143384;,
  -0.057650;0.722913;-0.000349;,
  -0.060066;0.444638;0.021663;,
  -0.054449;0.346408;0.030978;,
  -0.043654;0.243595;0.042561;,
  -0.043728;0.205452;0.102888;,
  -0.039338;0.153974;0.156008;,
  -0.037732;0.098125;0.215081;,
  0.092313;0.343557;0.050383;,
  0.025096;0.446050;0.139359;,
  0.073793;0.422550;0.102093;,
  0.073523;0.275667;-0.002737;,
  0.090054;0.230090;0.011786;,
  0.088335;0.157794;-0.006309;,
  0.072689;0.087226;-0.026102;,
  -0.095036;0.434486;0.117119;;
  916;
  3;0,2,1;,
  3;2,0,3;,
  3;4,6,5;,
  3;6,4,7;,
  3;8,10,9;,
  3;10,8,11;,
  3;12,14,13;,
  3;14,12,15;,
  3;16,12,17;,
  3;12,16,15;,
  3;18,20,19;,
  3;20,18,16;,
  3;5,22,21;,
  3;22,5,6;,
  3;13,24,23;,
  3;24,13,14;,
  3;25,27,26;,
  3;27,25,28;,
  3;29,31,30;,
  3;31,29,32;,
  3;31,33,30;,
  3;33,31,34;,
  3;35,37,36;,
  3;37,35,38;,
  3;38,39,37;,
  3;39,38,40;,
  3;36,42,41;,
  3;42,36,37;,
  3;37,43,42;,
  3;43,37,39;,
  3;41,31,32;,
  3;31,41,42;,
  3;42,34,31;,
  3;34,42,43;,
  3;44,46,45;,
  3;46,44,47;,
  3;48,50,49;,
  3;50,48,51;,
  3;49,53,52;,
  3;53,49,50;,
  3;54,56,55;,
  3;56,54,57;,
  3;57,58,56;,
  3;58,57,59;,
  3;55,61,60;,
  3;61,55,56;,
  3;56,62,61;,
  3;62,56,58;,
  3;60,50,51;,
  3;50,60,61;,
  3;61,53,50;,
  3;53,61,62;,
  3;32,20,63;,
  3;20,32,29;,
  3;64,66,65;,
  3;66,64,19;,
  3;13,67,12;,
  3;67,13,68;,
  3;68,69,67;,
  3;69,68,70;,
  3;70,41,69;,
  3;41,70,36;,
  3;48,34,51;,
  3;34,48,33;,
  3;51,43,60;,
  3;43,51,34;,
  3;43,55,60;,
  3;55,43,39;,
  3;39,54,55;,
  3;54,39,40;,
  3;12,63,17;,
  3;63,12,67;,
  3;67,32,63;,
  3;32,67,69;,
  3;69,41,32;,
  3;71,72,25;,
  3;73,75,74;,
  3;75,73,76;,
  3;75,77,74;,
  3;77,75,78;,
  3;79,78,80;,
  3;78,79,77;,
  3;81,83,82;,
  3;83,85,84;,
  3;85,83,86;,
  3;87,89,88;,
  3;89,90,88;,
  3;90,89,91;,
  3;92,94,93;,
  3;92,88,94;,
  3;92,87,88;,
  3;88,95,94;,
  3;95,88,90;,
  3;96,94,83;,
  3;94,86,83;,
  3;86,94,95;,
  3;97,99,98;,
  3;99,97,100;,
  3;100,101,99;,
  3;101,100,102;,
  3;103,105,104;,
  3;105,103,106;,
  3;106,107,105;,
  3;107,106,108;,
  3;104,110,109;,
  3;110,104,105;,
  3;105,111,110;,
  3;111,105,107;,
  3;109,100,97;,
  3;100,109,110;,
  3;110,102,100;,
  3;102,110,111;,
  3;112,114,113;,
  3;114,112,115;,
  3;116,118,117;,
  3;118,116,119;,
  3;120,122,121;,
  3;122,120,123;,
  3;120,125,124;,
  3;125,120,121;,
  3;126,125,127;,
  3;125,126,124;,
  3;95,97,86;,
  3;97,95,109;,
  3;86,98,85;,
  3;98,86,97;,
  3;90,103,104;,
  3;103,90,91;,
  3;104,95,90;,
  3;95,104,109;,
  3;128,96,129;,
  3;96,128,93;,
  3;129,130,128;,
  3;130,129,131;,
  3;72,28,25;,
  3;28,72,132;,
  3;9,133,8;,
  3;134,136,135;,
  3;136,134,137;,
  3;81,137,134;,
  3;138,11,139;,
  3;138,10,11;,
  3;138,140,10;,
  3;141,11,142;,
  3;11,141,139;,
  3;128,130,143;,
  3;93,144,92;,
  3;93,143,144;,
  3;93,128,143;,
  3;145,87,146;,
  3;87,145,147;,
  3;74,148,73;,
  3;148,74,149;,
  3;150,147,145;,
  3;7,149,74;,
  3;148,151,73;,
  3;102,152,101;,
  3;152,102,126;,
  3;102,124,126;,
  3;124,102,111;,
  3;111,120,124;,
  3;120,111,107;,
  3;120,108,123;,
  3;108,120,107;,
  3;8,154,153;,
  3;154,8,133;,
  3;153,155,8;,
  3;155,153,156;,
  3;121,113,114;,
  3;113,121,122;,
  3;122,112,113;,
  3;112,122,157;,
  3;158,125,159;,
  3;125,158,127;,
  3;159,121,114;,
  3;121,159,125;,
  3;126,160,152;,
  3;160,126,161;,
  3;162,122,123;,
  3;122,162,163;,
  3;122,164,157;,
  3;164,122,163;,
  3;165,126,127;,
  3;126,165,161;,
  3;161,166,160;,
  3;166,161,167;,
  3;162,117,163;,
  3;117,162,116;,
  3;163,118,164;,
  3;118,163,117;,
  3;165,167,161;,
  3;167,165,168;,
  3;169,171,170;,
  3;171,169,172;,
  3;173,175,174;,
  3;175,173,176;,
  3;177,179,178;,
  3;179,177,173;,
  3;180,179,181;,
  3;179,180,182;,
  3;183,169,170;,
  3;169,183,184;,
  3;175,186,185;,
  3;186,175,176;,
  3;45,187,44;,
  3;187,45,188;,
  3;180,169,182;,
  3;169,180,172;,
  3;19,29,66;,
  3;20,29,19;,
  3;29,30,189;,
  3;30,190,189;,
  3;190,30,33;,
  3;33,191,190;,
  3;191,33,48;,
  3;191,49,192;,
  3;49,191,48;,
  3;192,52,193;,
  3;52,192,49;,
  3;194,170,186;,
  3;170,194,183;,
  3;170,185,186;,
  3;185,170,171;,
  3;186,176,194;,
  3;194,173,177;,
  3;173,194,176;,
  3;179,174,181;,
  3;174,179,173;,
  3;178,182,184;,
  3;182,178,179;,
  3;182,169,184;,
  3;16,17,20;,
  3;17,63,20;,
  3;66,195,65;,
  3;196,198,197;,
  3;198,196,199;,
  3;200,153,154;,
  3;153,200,201;,
  3;202,204,203;,
  3;205,207,206;,
  3;196,209,208;,
  3;209,196,197;,
  3;210,208,211;,
  3;208,210,196;,
  3;212,214,213;,
  3;214,212,215;,
  3;212,213,211;,
  3;201,217,216;,
  3;217,201,200;,
  3;218,220,219;,
  3;220,218,216;,
  3;210,199,196;,
  3;214,205,206;,
  3;221,223,222;,
  3;197,198,224;,
  3;224,226,225;,
  3;226,224,198;,
  3;227,214,206;,
  3;228,229,213;,
  3;229,228,230;,
  3;219,232,231;,
  3;214,228,213;,
  3;156,201,233;,
  3;201,156,153;,
  3;233,216,218;,
  3;216,233,201;,
  3;220,216,234;,
  3;235,220,234;,
  3;236,238,237;,
  3;238,236,239;,
  3;208,240,211;,
  3;240,208,241;,
  3;211,242,212;,
  3;242,211,240;,
  3;243,239,244;,
  3;239,243,238;,
  3;244,236,245;,
  3;236,244,239;,
  3;246,221,222;,
  3;221,246,215;,
  3;221,212,247;,
  3;212,221,215;,
  3;199,248,1;,
  3;248,199,249;,
  3;133,9,250;,
  3;249,210,251;,
  3;210,249,199;,
  3;210,211,251;,
  3;252,2,253;,
  3;2,252,1;,
  3;19,254,18;,
  3;254,19,64;,
  3;23,68,13;,
  3;68,23,255;,
  3;68,256,70;,
  3;256,68,255;,
  3;256,36,70;,
  3;36,256,257;,
  3;258,1,252;,
  3;1,258,199;,
  3;257,259,36;,
  3;36,259,35;,
  3;260,203,261;,
  3;203,260,202;,
  3;262,263,222;,
  3;263,262,264;,
  3;198,258,226;,
  3;258,198,199;,
  3;265,204,227;,
  3;265,206,266;,
  3;206,265,227;,
  3;222,267,246;,
  3;267,222,263;,
  3;89,87,147;,
  3;82,83,84;,
  3;78,16,18;,
  3;16,78,75;,
  3;75,15,16;,
  3;15,75,76;,
  3;15,71,14;,
  3;71,15,76;,
  3;14,268,24;,
  3;268,14,71;,
  3;248,269,1;,
  3;1,269,0;,
  3;135,129,134;,
  3;129,135,131;,
  3;134,96,81;,
  3;96,134,129;,
  3;96,83,81;,
  3;94,96,93;,
  3;29,189,66;,
  3;205,215,246;,
  3;267,205,246;,
  3;205,267,207;,
  3;205,214,215;,
  3;187,188,270;,
  3;224,272,271;,
  3;223,221,209;,
  3;224,223,197;,
  3;271,273,262;,
  3;273,271,272;,
  3;263,275,274;,
  3;273,276,262;,
  3;277,272,278;,
  3;272,277,273;,
  3;223,271,262;,
  3;271,223,224;,
  3;223,209,197;,
  3;208,221,247;,
  3;221,208,209;,
  3;222,223,262;,
  3;266,207,279;,
  3;207,266,206;,
  3;207,280,279;,
  3;280,207,267;,
  3;280,263,274;,
  3;263,280,267;,
  3;264,262,276;,
  3;76,73,72;,
  3;138,281,140;,
  3;73,132,72;,
  3;132,73,151;,
  3;72,71,76;,
  3;272,225,278;,
  3;155,11,8;,
  3;276,277,282;,
  3;277,276,273;,
  3;275,276,282;,
  3;276,275,264;,
  3;28,141,27;,
  3;141,28,139;,
  3;139,132,138;,
  3;132,139,28;,
  3;132,281,138;,
  3;281,132,151;,
  3;281,148,283;,
  3;148,281,151;,
  3;283,149,284;,
  3;149,283,148;,
  3;7,284,149;,
  3;284,7,4;,
  3;6,79,22;,
  3;79,6,77;,
  3;77,7,74;,
  3;7,77,6;,
  3;5,3,4;,
  3;3,5,2;,
  3;285,137,82;,
  3;137,285,136;,
  3;137,81,82;,
  3;92,146,87;,
  3;146,92,144;,
  3;2,21,253;,
  3;21,2,5;,
  3;286,213,229;,
  3;251,211,286;,
  3;213,286,211;,
  3;234,216,217;,
  3;227,202,228;,
  3;202,230,228;,
  3;230,202,260;,
  3;232,220,235;,
  3;228,214,227;,
  3;26,71,25;,
  3;71,26,268;,
  3;155,142,11;,
  3;18,80,78;,
  3;80,18,254;,
  3;272,224,225;,
  3;275,263,264;,
  3;202,227,204;,
  3;232,219,220;,
  3;287,289,288;,
  3;289,287,290;,
  3;291,288,292;,
  3;288,291,287;,
  3;293,292,294;,
  3;292,293,291;,
  3;295,294,296;,
  3;294,295,293;,
  3;296,297,295;,
  3;298,290,299;,
  3;290,298,289;,
  3;300,302,301;,
  3;302,300,303;,
  3;304,300,305;,
  3;300,304,303;,
  3;306,305,307;,
  3;305,306,304;,
  3;308,306,307;,
  3;306,308,309;,
  3;308,310,309;,
  3;145,146,311;,
  3;312,314,313;,
  3;314,312,315;,
  3;316,318,317;,
  3;318,316,319;,
  3;320,322,321;,
  3;322,320,323;,
  3;324,326,325;,
  3;326,324,327;,
  3;328,324,325;,
  3;324,328,329;,
  3;330,331,328;,
  3;331,330,332;,
  3;319,22,318;,
  3;22,319,21;,
  3;327,333,326;,
  3;333,327,334;,
  3;335,337,336;,
  3;337,335,338;,
  3;339,341,340;,
  3;341,339,342;,
  3;341,344,343;,
  3;344,341,342;,
  3;345,347,346;,
  3;347,345,348;,
  3;346,350,349;,
  3;350,346,347;,
  3;348,351,347;,
  3;351,348,352;,
  3;347,353,350;,
  3;353,347,351;,
  3;352,341,351;,
  3;341,352,340;,
  3;351,343,353;,
  3;343,351,341;,
  3;354,356,355;,
  3;356,354,357;,
  3;358,360,359;,
  3;360,358,361;,
  3;361,362,360;,
  3;362,361,363;,
  3;364,366,365;,
  3;366,364,367;,
  3;365,369,368;,
  3;369,365,366;,
  3;367,370,366;,
  3;370,367,371;,
  3;366,372,369;,
  3;372,366,370;,
  3;371,360,370;,
  3;360,371,359;,
  3;370,362,372;,
  3;362,370,360;,
